src/trackstream/data/Pal_11_ex.ecsv
# %ECSV 1.0
# ---
# datatype:
# - {name: coord.ra, unit: deg, datatype: float64}
# - {name: coord.dec, unit: deg, datatype: float64}
# - {name: coord.distance, unit: kpc, datatype: float64}
# - {name: coord.pm_ra_cosdec, unit: mas / yr, datatype: float64}
# - {name: coord.pm_dec, unit: mas / yr, datatype: float64}
# - {name: coord.radial_velocity, unit: km / s, datatype: float64}
# - {name: x_err, unit: kpc, datatype: float64}
# - {name: y_err, unit: kpc, datatype: float64}
# - {name: z_err, unit: kpc, datatype: float64}
# - {name: Pmemb, unit: '%', datatype: float64}
# - {name: tail, datatype: string}
# meta: !!omap
# - origin: !astropy.coordinates.sky_coordinate.SkyCoord
#     dec: !astropy.coordinates.Latitude
#       unit: &id001 !astropy.units.Unit {unit: deg}
#       value: -8.0072
#     distance: !astropy.units.Quantity
#       unit: &id002 !astropy.units.Unit {unit: kpc}
#       value: 13.4
#     frame: icrs
#     pm_dec: !astropy.units.Quantity
#       unit: &id003 !astropy.units.Unit {unit: mas / yr}
#       value: -4.934
#     pm_ra_cosdec: !astropy.units.Quantity
#       unit: &id004 !astropy.units.Unit {unit: mas / yr}
#       value: -1.821
#     ra: !astropy.coordinates.Longitude
#       unit: *id001
#       value: 296.31
#       wrap_angle: &id005 !astropy.coordinates.Angle
#         unit: *id001
#         value: 360.0
#     radial_velocity: !astropy.units.Quantity
#       unit: &id006 !astropy.units.Unit {unit: km / s}
#       value: -67.6
#     representation_type: spherical
# - __serialized_columns__:
#     Pmemb:
#       __class__: astropy.units.quantity.Quantity
#       unit: !astropy.units.Unit {unit: '%'}
#       value: !astropy.table.SerializedColumn {name: Pmemb}
#     coord:
#       __class__: astropy.coordinates.sky_coordinate.SkyCoord
#       dec: !astropy.table.SerializedColumn
#         __class__: astropy.coordinates.angles.Latitude
#         unit: *id001
#         value: !astropy.table.SerializedColumn {name: coord.dec}
#       distance: !astropy.table.SerializedColumn
#         __class__: astropy.coordinates.distances.Distance
#         unit: *id002
#         value: !astropy.table.SerializedColumn {name: coord.distance}
#       frame: icrs
#       pm_dec: !astropy.table.SerializedColumn
#         __class__: astropy.units.quantity.Quantity
#         unit: *id003
#         value: !astropy.table.SerializedColumn {name: coord.pm_dec}
#       pm_ra_cosdec: !astropy.table.SerializedColumn
#         __class__: astropy.units.quantity.Quantity
#         unit: *id004
#         value: !astropy.table.SerializedColumn {name: coord.pm_ra_cosdec}
#       ra: !astropy.table.SerializedColumn
#         __class__: astropy.coordinates.angles.Longitude
#         unit: *id001
#         value: !astropy.table.SerializedColumn {name: coord.ra}
#         wrap_angle: *id005
#       radial_velocity: !astropy.table.SerializedColumn
#         __class__: astropy.units.quantity.Quantity
#         unit: *id006
#         value: !astropy.table.SerializedColumn {name: coord.radial_velocity}
#       representation_type: spherical
#     x_err:
#       __class__: astropy.units.quantity.Quantity
#       unit: *id002
#       value: !astropy.table.SerializedColumn {name: x_err}
#     y_err:
#       __class__: astropy.units.quantity.Quantity
#       unit: *id002
#       value: !astropy.table.SerializedColumn {name: y_err}
#     z_err:
#       __class__: astropy.units.quantity.Quantity
#       unit: *id002
#       value: !astropy.table.SerializedColumn {name: z_err}
# schema: astropy-2.0
coord.ra coord.dec coord.distance coord.pm_ra_cosdec coord.pm_dec coord.radial_velocity x_err y_err z_err Pmemb tail
[from data line 234]
292.9408837914615 -12.935418666684017 13.755072818867326 -2.295417311707952 -5.099021488262027 -77.04840257351518 0.0 0.0 0.0 100.0 arm1
292.8390936391668 -13.076542376579516 13.702024798685217 -2.3066736087108417 -5.136328392409889 -78.04278203073994 0.0 0.0 0.0 100.0 arm1
292.5473737522504 -13.468337492853639 13.771916444997364 -2.3492174686465264 -5.125300198714925 -78.13241481166617 0.0 0.0 0.0 100.0 arm1
281.4239142482491 -24.70007968272868 13.551746195651887 -3.8893292519323825 -5.5931430297494735 -91.01929253543008 0.0 0.0 0.0 100.0 arm1
294.71448407151286 -10.423261672780468 13.504588510317959 -2.048349438662192 -5.027987166629672 -70.0851396426358 0.0 0.0 0.0 100.0 arm1
286.21003091000824 -21.26475337770811 13.748199710503437 -3.2279223600540976 -5.527073531951662 -87.78221190419775 0.0 0.0 0.0 100.0 arm1
290.5251383133909 -16.131891182014005 13.86489734600337 -2.613155669939696 -5.232963500046616 -82.0934173601476 0.0 0.0 0.0 100.0 arm1
249.68137563877727 -39.546894259331026 11.021868257835134 -7.4256243308948875 -4.558520557630792 -101.79468076651176 0.0 0.0 0.0 100.0 arm1
248.1333390594488 -39.38758001860471 10.87533346197284 -7.594823645588518 -4.544142713482441 -97.89726023815754 0.0 0.0 0.0 100.0 arm1
292.8818377519509 -13.221715219335776 13.669554345435131 -2.331679073590789 -5.165135980845307 -78.35595191803698 0.0 0.0 0.0 100.0 arm1
295.02169211890407 -10.103979740625416 13.525946624227139 -2.0095545307663514 -5.025549705135469 -71.58826693560066 0.0 0.0 0.0 100.0 arm1
293.15236963238544 -12.747037039041134 13.692084808367882 -2.2816525933151803 -5.122409774516863 -77.32760741799238 0.0 0.0 0.0 100.0 arm1
227.83025360204624 -41.02937986023311 9.000335052967268 -8.500562325646996 -2.92450379657024 -63.48962244089461 0.0 0.0 0.0 100.0 arm1
294.58570356152273 -10.597049875227498 13.581503660705515 -2.0652376157480306 -5.032934102949436 -72.76707937071761 0.0 0.0 0.0 100.0 arm1
290.4323799477728 -16.057295835696387 13.880452092775455 -2.6423931524935407 -5.197698176734825 -81.98018162308992 0.0 0.0 0.0 100.0 arm1
217.32623464209078 -39.7532829933207 7.676321033107068 -8.833358354971894 -2.361664516728397 -54.56297072755372 0.0 0.0 0.0 100.0 arm1
278.7155240694344 -27.009815032080393 13.395949230291015 -4.266925632493956 -5.658198103148243 -91.72107855488692 0.0 0.0 0.0 100.0 arm1
295.43436434004195 -9.039856710985742 13.393361164607335 -1.92060099277398 -4.99231859025578 -67.33339850577609 0.0 0.0 0.0 100.0 arm1
277.4390013958645 -27.720717546220474 13.451828827274976 -4.35121714058153 -5.564737812943082 -93.23784827120485 0.0 0.0 0.0 100.0 arm1
287.3109934187307 -19.6665514761648 13.791043679927865 -3.0871294310658737 -5.409119309625563 -86.68226411783903 0.0 0.0 0.0 100.0 arm1
290.670957227918 -16.084671926340267 13.778094973695842 -2.619173690154734 -5.258187464737517 -80.82565116040769 0.0 0.0 0.0 100.0 arm1
278.37649684042503 -27.303992149986858 13.31099072952908 -4.343642058088708 -5.696514325601187 -90.80663574671675 0.0 0.0 0.0 100.0 arm1
279.2769750989712 -26.523571935733493 13.519893010918004 -4.125328443592849 -5.583514808359263 -91.88792754108718 0.0 0.0 0.0 100.0 arm1
295.1955271706992 -9.74524451774071 13.43767332481944 -1.9867715289978216 -5.031176528986719 -69.69437909181926 0.0 0.0 0.0 100.0 arm1
267.1723326860607 -34.020193198912345 12.559771663186108 -5.755632211494768 -5.5533674404343 -96.66640855670511 0.0 0.0 0.0 100.0 arm1
276.0075725300027 -28.822118645605507 13.2179227062196 -4.635321823439807 -5.681221472340384 -92.80838267353204 0.0 0.0 0.0 100.0 arm1
292.2682144053082 -13.916941718206305 13.765860456714163 -2.402268769313335 -5.155156248305071 -79.22345303586985 0.0 0.0 0.0 100.0 arm1
276.7679665048212 -28.681301498389892 13.14541758854896 -4.614697558968997 -5.767122159590642 -91.77278066849487 0.0 0.0 0.0 100.0 arm1
289.7251668108023 -17.23481459578836 13.793021131990086 -2.739782957986758 -5.313805555941783 -82.6606671537319 0.0 0.0 0.0 100.0 arm1
295.87080238990467 -8.737374731067614 13.394582189929034 -1.885416102491488 -4.975023527931932 -68.04080071740259 0.0 0.0 0.0 100.0 arm1
290.9729580887669 -15.817217280710393 13.829808612533112 -2.576268496137649 -5.248549382948449 -81.97152506105273 0.0 0.0 0.0 100.0 arm1
284.05093344195456 -22.922453841111835 13.68758123385778 -3.526060053800502 -5.537566942187775 -88.79732996280345 0.0 0.0 0.0 100.0 arm1
247.39160376726264 -39.89951137871467 10.819491615587117 -7.601203785783596 -4.4102278280331575 -99.19907714152072 0.0 0.0 0.0 100.0 arm1
291.32512330652094 -15.258868895017017 13.764904001678609 -2.543896709098908 -5.2296377035829416 -81.46113614743912 0.0 0.0 0.0 100.0 arm1
272.7442583107914 -30.962884769770586 13.01699096308723 -5.019327607452086 -5.645585497055979 -94.12708122730004 0.0 0.0 0.0 100.0 arm1
256.6588980516119 -37.87219864541996 11.668651845150917 -6.871055854579053 -5.045330753598364 -101.55277118885805 0.0 0.0 0.0 100.0 arm1
294.29485228362967 -11.311541884726905 13.56857239809914 -2.1173553211851437 -5.070207503400579 -72.54021655326686 0.0 0.0 0.0 100.0 arm1
288.6749637432294 -18.212952140383976 13.814742642283521 -2.9011911629209357 -5.3440595512763815 -85.34211157835009 0.0 0.0 0.0 100.0 arm1
273.77527519656564 -30.28837205541603 13.061079343706629 -4.933465126402851 -5.683135842118764 -93.56718951771731 0.0 0.0 0.0 100.0 arm1
295.3222197706798 -9.986427833765289 13.495212982479256 -1.9895083688365438 -5.072327382219815 -73.96310291736044 0.0 0.0 0.0 100.0 arm1
284.6848049147955 -22.26533251494722 13.710724223903497 -3.4350710343539803 -5.5125795041381584 -88.16806729852712 0.0 0.0 0.0 100.0 arm1
287.8514587741648 -19.438682042624674 13.77001373265182 -3.0246993366243156 -5.447237948871453 -86.44860399157791 0.0 0.0 0.0 100.0 arm1
283.8807189864578 -22.82334458700865 13.664907045412303 -3.563183358811235 -5.53739266223606 -89.33673911585107 0.0 0.0 0.0 100.0 arm1
276.2531802928768 -28.941552481049218 13.224382703146436 -4.612602270711544 -5.701824585076291 -92.02477777675483 0.0 0.0 0.0 100.0 arm1
291.34196848122275 -15.030122574115456 14.0713435298207 -2.4025050607621554 -5.022813631045957 -76.03085237176984 0.0 0.0 0.0 100.0 arm1
254.11588959034196 -38.15071658949769 11.44081250153596 -7.135266802219482 -4.93815533922882 -100.12829217975948 0.0 0.0 0.0 100.0 arm1
280.34044368591645 -26.011093394860882 13.411880512748509 -4.091468360550876 -5.68998727241621 -90.88575868556846 0.0 0.0 0.0 100.0 arm1
293.36136311367534 -12.508752754166915 13.701357822856389 -2.261736019203004 -5.094482078614111 -76.48427073168222 0.0 0.0 0.0 100.0 arm1
274.14737741033883 -30.171665546970242 13.089904151373885 -4.876360645686994 -5.6843344340570585 -93.31934284032847 0.0 0.0 0.0 100.0 arm1
284.9845218845284 -21.925514288154954 13.707215446672066 -3.4150060273181984 -5.507952832638337 -88.76748745807501 0.0 0.0 0.0 100.0 arm1
286.05369669385607 -20.987499302399563 13.776216773670923 -3.2492011417797397 -5.458772230846076 -87.796311969659 0.0 0.0 0.0 100.0 arm1
278.05518675962855 -27.496534084904454 13.382485416305862 -4.338558295651455 -5.645619409300494 -92.07750108501395 0.0 0.0 0.0 100.0 arm1
280.5258092194175 -26.227434419639344 13.467185786037298 -4.032020157438397 -5.697663004170261 -90.25946623211578 0.0 0.0 0.0 100.0 arm1
274.6974954654626 -29.90889775662352 13.111113774602208 -4.823651939532105 -5.705755812267375 -92.7324362770645 0.0 0.0 0.0 100.0 arm1
293.3225804689606 -12.442406507313368 13.681534830481542 -2.241833307636551 -5.104068477760734 -76.41988761089213 0.0 0.0 0.0 100.0 arm1
233.31103422640314 -40.79510578548398 9.448808755984043 -8.28044249339346 -3.4985790884877064 -83.87552607929578 0.0 0.0 0.0 100.0 arm1
245.01663163456053 -39.74248694624872 10.584929275808095 -7.6946285573896125 -4.338158027979023 -103.0028502248164 0.0 0.0 0.0 100.0 arm1
281.39624670632236 -25.12960658495189 13.58578126893991 -3.8463926030921236 -5.585893726247052 -90.00789978316277 0.0 0.0 0.0 100.0 arm1
284.3861607496042 -22.49575363187538 13.819699659169425 -3.4195117514924864 -5.447353139415407 -88.7623510269656 0.0 0.0 0.0 100.0 arm1
271.9446919568667 -30.86357709926581 12.976478845711457 -5.121734475072783 -5.616133307675179 -96.31107053455054 0.0 0.0 0.0 100.0 arm1
280.10628178688904 -25.998474325009784 13.489522965872437 -4.069575334265334 -5.629228681754934 -91.11228987066647 0.0 0.0 0.0 100.0 arm1
288.52346491232225 -18.730749507721583 13.75288200673505 -2.9420536907483386 -5.442394062950555 -86.30198550407385 0.0 0.0 0.0 100.0 arm1
294.0683185107483 -11.60883789140031 13.63426735045183 -2.1552887411481443 -5.080084731243793 -74.99242868523095 0.0 0.0 0.0 100.0 arm1
291.840241270088 -14.297011675039021 13.855584787673857 -2.4384540549950695 -5.117979649227365 -79.17401587436125 0.0 0.0 0.0 100.0 arm1
288.24434497127095 -18.679911168811188 13.855681052924457 -2.933386484693713 -5.340890467479836 -85.45389106772068 0.0 0.0 0.0 100.0 arm1
295.83970052996045 -9.014532472782765 13.442953830207147 -1.9075731773943931 -4.975721912057285 -68.61305506631338 0.0 0.0 0.0 100.0 arm1
299.0424025730639 -2.638090340280713 12.756473138114865 -1.3582002957542754 -4.766734292127305 -53.530663022647715 0.0 0.0 0.0 100.0 arm2
294.48085803018256 12.07035840439146 7.390199059918802 1.2739057958563342 -4.6017793556589695 20.405619014688888 0.0 0.0 0.0 100.0 arm2
299.7582583338283 -0.5222334233905613 12.371785750302854 -1.1948322494618258 -4.73335562359964 -47.37426562307223 0.0 0.0 0.0 100.0 arm2
299.4721699997255 -1.362151981028594 12.443169921875661 -1.250234100073569 -4.766584814226959 -47.729637047248374 0.0 0.0 0.0 100.0 arm2
300.4671628405542 2.2394701046542407 11.599753585697915 -0.92270068014549 -4.7498210549151105 -35.331215777599084 0.0 0.0 0.0 100.0 arm2
298.21978724783764 10.27620765986785 8.702316431563764 0.36469375138033655 -4.745196890380926 7.172450173212987 0.0 0.0 0.0 100.0 arm2
300.7547445200241 6.221892282552155 10.32448246012381 -0.4515332015286009 -4.744992631100296 -15.389768120971642 0.0 0.0 0.0 100.0 arm2
297.8132358225624 -5.135341741502221 13.108976980693884 -1.582866001142778 -4.822315366435646 -59.98029133681548 0.0 0.0 0.0 100.0 arm2
297.2114576158109 -6.5037385787500614 13.304137084130408 -1.6899270243191316 -4.873382163600086 -64.83185487988453 0.0 0.0 0.0 100.0 arm2
298.5552192483376 10.011811873218956 8.810013098698814 0.3021016780561141 -4.745507756256784 6.272654462922194 0.0 0.0 0.0 100.0 arm2
299.8846996100521 -0.0951848887158582 12.067429153549494 -1.1278718009188142 -4.715626096615541 -36.36447403186941 0.0 0.0 0.0 100.0 arm2
281.7720428854151 10.54486669152157 5.41942462702246 3.5771090619932253 -3.43094727469222 22.098760625119557 0.0 0.0 0.0 100.0 arm2
298.9200793892645 -2.801146905406435 12.737814449340146 -1.3680143764212285 -4.787005150595778 -52.81766052971481 0.0 0.0 0.0 100.0 arm2
278.98995386790347 9.79945215712317 5.16029575528958 3.9794020816529536 -3.0378457330578166 15.316178519210222 0.0 0.0 0.0 100.0 arm2
298.26088072438523 -4.382865741405761 13.124169758217347 -1.5267545895612882 -4.769955166011229 -60.81215661285887 0.0 0.0 0.0 100.0 arm2
298.2816581097471 -4.31330224322435 12.991952235490672 -1.4982369535531626 -4.8183751020655805 -57.8253481660551 0.0 0.0 0.0 100.0 arm2
298.56751157316575 -3.6839140284780507 12.877439568884347 -1.449225261848063 -4.805047569976286 -55.874725440445395 0.0 0.0 0.0 100.0 arm2
297.01200330721724 -6.409693816714901 13.282855191336905 -1.6893439300760082 -4.875948611315701 -64.49941695997775 0.0 0.0 0.0 100.0 arm2
297.68636868314195 -5.668479901259593 13.254497412917736 -1.6174988662235559 -4.849409120964117 -64.91631400049711 0.0 0.0 0.0 100.0 arm2
266.890357465017 4.0362868697134475 4.379426973877329 4.995431183009501 -1.1705920875893787 -23.101675660246283 0.0 0.0 0.0 100.0 arm2
270.79130604955714 5.887511091635291 4.59582114661862 4.798899172079855 -1.7714123183685648 -7.539449381637844 0.0 0.0 0.0 100.0 arm2
300.64280087431047 6.306517254158521 10.418498601344426 -0.4567754909642745 -4.730618013911161 -16.406093219971858 0.0 0.0 0.0 100.0 arm2
297.90213550245323 -4.907293267774862 13.07792289463085 -1.5593471790955358 -4.823616758433468 -59.63164315888273 0.0 0.0 0.0 100.0 arm2
299.4991649619916 -1.4011451862414614 12.449773930221783 -1.2432207590213133 -4.79488666050562 -50.09446780124564 0.0 0.0 0.0 100.0 arm2
299.88533496548524 -0.18203546818604827 12.230500914967827 -1.1522567618555528 -4.74669597293915 -44.62448759125824 0.0 0.0 0.0 100.0 arm2
256.6827800734023 -3.7276308744523057 4.191232802914209 4.652328531858769 -0.08044170823594654 -55.36771458029651 0.0 0.0 0.0 100.0 arm2
299.14409184500107 9.757630431387955 9.049032487033912 0.16983309726168727 -4.740123136477735 1.2463139278350468 0.0 0.0 0.0 100.0 arm2
294.7338521067494 12.34307329392453 7.535246778288613 1.1774721488370512 -4.61971407517691 17.843536681689805 0.0 0.0 0.0 100.0 arm2
275.1453633968822 7.7085719580828 4.866330123249319 4.464128617442087 -2.4767820651085817 7.4688214662911285 0.0 0.0 0.0 100.0 arm2
299.68164328900366 -0.6127066018752072 12.295341030996067 -1.1806641827870592 -4.761205957008848 -45.03741964535386 0.0 0.0 0.0 100.0 arm2
300.5479316624404 5.477240503432035 10.730179799041023 -0.5702191207577461 -4.75309716232387 -23.325710266321227 0.0 0.0 0.0 100.0 arm2
300.5730810227814 3.2091343050016885 11.376982565575293 -0.8213668165096395 -4.740107284373236 -31.361666531257818 0.0 0.0 0.0 100.0 arm2
300.74292926534247 4.222905995558964 10.933525382644802 -0.6944481393882447 -4.7318188403658095 -21.97995557268455 0.0 0.0 0.0 100.0 arm2
300.5602841653736 5.152782986629816 10.721890208060525 -0.5779182116786499 -4.726870610977559 -17.47893122251874 0.0 0.0 0.0 100.0 arm2
285.34795939950925 11.78859938701336 5.793816557213768 3.02057067604928 -3.8141399820515547 23.624630758431554 0.0 0.0 0.0 100.0 arm2
298.99447665260675 -2.708839175800024 12.69051771710541 -1.3734832848344651 -4.779169751860704 -52.19903139360663 0.0 0.0 0.0 100.0 arm2
298.9136555192695 10.05081542404508 8.980510596780658 0.21627910916085713 -4.740542075286353 0.9383176194238274 0.0 0.0 0.0 100.0 arm2
298.30161085180566 -4.328224789470088 12.960217544677418 -1.5162478041433034 -4.819103090905274 -58.16131769939291 0.0 0.0 0.0 100.0 arm2
295.436361475711 11.64618740027028 7.6649886585164015 1.0526189084196016 -4.660634167463007 19.39518863631679 0.0 0.0 0.0 100.0 arm2
295.2947855443823 12.434300049933233 7.298582418903036 1.3214699060512582 -4.567020291013109 19.0121356668266 0.0 0.0 0.0 100.0 arm2
299.16172782967453 -2.416144082282149 12.641542315380754 -1.3383098767410742 -4.79311815363954 -52.32543480743429 0.0 0.0 0.0 100.0 arm2
296.7415388839335 11.246753376515196 7.90353215420183 0.8507612294230205 -4.686620528170737 16.95641736717952 0.0 0.0 0.0 100.0 arm2
299.08006326561633 -2.83980886955228 12.802488864801798 -1.379817574562845 -4.775624093947405 -55.79687980560337 0.0 0.0 0.0 100.0 arm2
300.2487092297679 1.338368936889484 11.748464089458146 -1.0006229528890973 -4.727186826142132 -33.898330531611954 0.0 0.0 0.0 100.0 arm2
287.9654791454898 12.310471408797328 6.058503173087356 2.658509629023861 -4.041741578006176 23.774902602711556 0.0 0.0 0.0 100.0 arm2
291.28695364468354 12.725259344461064 6.711661942995772 1.9249154224490916 -4.387460186500433 24.142640010573498 0.0 0.0 0.0 100.0 arm2
295.4459343852335 11.274486738085487 7.774080473240599 0.9699842979436419 -4.700107317660873 21.861794962517237 0.0 0.0 0.0 100.0 arm2
297.81025814925954 10.484774657540438 8.530486164961598 0.4651657486506484 -4.740180428972058 9.73255008360825 0.0 0.0 0.0 100.0 arm2
298.5325696060876 10.429123337441938 8.63768230762682 0.39137756780858224 -4.725712692830717 7.304650747594348 0.0 0.0 0.0 100.0 arm2
297.79192953870404 -5.229890856050736 13.154440294792852 -1.579417050584254 -4.843330098305429 -61.23954500496227 0.0 0.0 0.0 100.0 arm2
