src/trackstream/data/Pal_5_ex.ecsv
# %ECSV 1.0
# ---
# datatype:
# - {name: coord.ra, unit: deg, datatype: float64}
# - {name: coord.dec, unit: deg, datatype: float64}
# - {name: coord.distance, unit: kpc, datatype: float64}
# - {name: coord.pm_ra_cosdec, unit: mas / yr, datatype: float64}
# - {name: coord.pm_dec, unit: mas / yr, datatype: float64}
# - {name: coord.radial_velocity, unit: km / s, datatype: float64}
# - {name: x_err, unit: kpc, datatype: float64}
# - {name: y_err, unit: kpc, datatype: float64}
# - {name: z_err, unit: kpc, datatype: float64}
# - {name: Pmemb, unit: '%', datatype: float64}
# - {name: tail, datatype: string}
# meta: !!omap
# - origin: !astropy.coordinates.sky_coordinate.SkyCoord
#     dec: !astropy.coordinates.Latitude
#       unit: &id001 !astropy.units.Unit {unit: deg}
#       value: -0.1116
#     distance: !astropy.units.Quantity
#       unit: &id002 !astropy.units.Unit {unit: kpc}
#       value: 23.2
#     frame: icrs
#     pm_dec: !astropy.units.Quantity
#       unit: &id003 !astropy.units.Unit {unit: mas / yr}
#       value: -2.646
#     pm_ra_cosdec: !astropy.units.Quantity
#       unit: &id004 !astropy.units.Unit {unit: mas / yr}
#       value: -2.736
#     ra: !astropy.coordinates.Longitude
#       unit: *id001
#       value: 229.021
#       wrap_angle: &id005 !astropy.coordinates.Angle
#         unit: *id001
#         value: 360.0
#     radial_velocity: !astropy.units.Quantity
#       unit: &id006 !astropy.units.Unit {unit: km / s}
#       value: -58.6
#     representation_type: spherical
# - __serialized_columns__:
#     Pmemb:
#       __class__: astropy.units.quantity.Quantity
#       unit: !astropy.units.Unit {unit: '%'}
#       value: !astropy.table.SerializedColumn {name: Pmemb}
#     coord:
#       __class__: astropy.coordinates.sky_coordinate.SkyCoord
#       dec: !astropy.table.SerializedColumn
#         __class__: astropy.coordinates.angles.Latitude
#         unit: *id001
#         value: !astropy.table.SerializedColumn {name: coord.dec}
#       distance: !astropy.table.SerializedColumn
#         __class__: astropy.coordinates.distances.Distance
#         unit: *id002
#         value: !astropy.table.SerializedColumn {name: coord.distance}
#       frame: icrs
#       pm_dec: !astropy.table.SerializedColumn
#         __class__: astropy.units.quantity.Quantity
#         unit: *id003
#         value: !astropy.table.SerializedColumn {name: coord.pm_dec}
#       pm_ra_cosdec: !astropy.table.SerializedColumn
#         __class__: astropy.units.quantity.Quantity
#         unit: *id004
#         value: !astropy.table.SerializedColumn {name: coord.pm_ra_cosdec}
#       ra: !astropy.table.SerializedColumn
#         __class__: astropy.coordinates.angles.Longitude
#         unit: *id001
#         value: !astropy.table.SerializedColumn {name: coord.ra}
#         wrap_angle: *id005
#       radial_velocity: !astropy.table.SerializedColumn
#         __class__: astropy.units.quantity.Quantity
#         unit: *id006
#         value: !astropy.table.SerializedColumn {name: coord.radial_velocity}
#       representation_type: spherical
#     x_err:
#       __class__: astropy.units.quantity.Quantity
#       unit: *id002
#       value: !astropy.table.SerializedColumn {name: x_err}
#     y_err:
#       __class__: astropy.units.quantity.Quantity
#       unit: *id002
#       value: !astropy.table.SerializedColumn {name: y_err}
#     z_err:
#       __class__: astropy.units.quantity.Quantity
#       unit: *id002
#       value: !astropy.table.SerializedColumn {name: z_err}
# schema: astropy-2.0
coord.ra coord.dec coord.distance coord.pm_ra_cosdec coord.pm_dec coord.radial_velocity x_err y_err z_err Pmemb tail
[from data line 466]
240.397878879816 7.893151327105595 24.23346579222185 -2.7138745277819343 -2.228315074646217 -84.14352163940055 0.0 0.0 0.0 100.0 arm2
237.07007042100543 5.893277376933479 24.07745076085069 -2.707099381257841 -2.336663694722219 -77.26063969173244 0.0 0.0 0.0 100.0 arm2
233.86799201344607 3.7432650975596347 23.863590198603816 -2.706272436579786 -2.4483612022884302 -71.04507959012514 0.0 0.0 0.0 100.0 arm2
234.26701541905743 4.031652431223841 23.88483459477561 -2.7052446163825183 -2.435170506086464 -71.98330407681999 0.0 0.0 0.0 100.0 arm2
230.6638135862529 1.384120289331874 23.497808274513815 -2.7203268971872636 -2.5657779676658365 -63.26541223485327 0.0 0.0 0.0 100.0 arm2
247.45964807192107 11.13856656236954 24.438896233720286 -2.741981853474006 -1.9832036612331794 -95.43220189335167 0.0 0.0 0.0 100.0 arm2
235.14537395205053 4.617038891142362 23.906106786297965 -2.7011859309874855 -2.4198303746373004 -72.75666469655253 0.0 0.0 0.0 100.0 arm2
233.2244292944114 3.273779478352659 23.724543273321302 -2.709755001104808 -2.480356469092359 -68.90847618629896 0.0 0.0 0.0 100.0 arm2
234.68813262516997 4.309919792850893 23.889186024192167 -2.706107238934713 -2.4254208739032306 -72.44203797998388 0.0 0.0 0.0 100.0 arm2
241.2290963933904 8.427815300119923 24.24780586739273 -2.7119638009070597 -2.2082116797454447 -85.32309588144409 0.0 0.0 0.0 100.0 arm2
231.73837771406608 2.18378440085688 23.705750850709638 -2.7041598469584747 -2.5179064714716026 -65.00846933109624 0.0 0.0 0.0 100.0 arm2
233.2090730558269 3.2421939014027603 23.784059321329014 -2.707564444013305 -2.4720708978103967 -69.2437285482072 0.0 0.0 0.0 100.0 arm2
236.786692038571 5.751461782084145 24.09395279270551 -2.7007147815100185 -2.343207624609316 -77.40730228338484 0.0 0.0 0.0 100.0 arm2
229.67565158003433 0.6048016846685548 23.475824191304113 -2.708916839050544 -2.5953162297710133 -60.735759849511886 0.0 0.0 0.0 100.0 arm2
244.3437667436062 10.147919455375261 24.436221296570185 -2.706138060094802 -2.0952373023574946 -90.8203911261628 0.0 0.0 0.0 100.0 arm2
230.98296981755908 1.5314437655366528 23.509207702800023 -2.711400830833773 -2.5678354681168565 -63.786510536975136 0.0 0.0 0.0 100.0 arm2
232.63290489390596 2.8819154212268407 23.773006350715974 -2.703634932191325 -2.48696679676906 -67.44930615158289 0.0 0.0 0.0 100.0 arm2
234.64088409028835 4.220428229110834 23.849354332596338 -2.7202801419533627 -2.41565997725379 -73.10731373159335 0.0 0.0 0.0 100.0 arm2
249.06274852853613 12.01396994674575 24.473985381058824 -2.730734498665074 -1.936726236650625 -98.08797559895058 0.0 0.0 0.0 100.0 arm2
229.33304753509051 0.19469909184446094 23.36322714778148 -2.7215282566745187 -2.6174146724830396 -59.44516223720201 0.0 0.0 0.0 100.0 arm2
235.50090055995452 4.842765090606882 23.953103891076392 -2.7112332597798487 -2.3880819364656283 -74.51225133867315 0.0 0.0 0.0 100.0 arm2
237.51840890832682 6.233802569697609 24.184238790298185 -2.6943726511776145 -2.313742256766984 -78.12339527740984 0.0 0.0 0.0 100.0 arm2
244.69365638260652 10.175089973263006 24.369624094757746 -2.7215177171990996 -2.0869020750854435 -91.30599095960201 0.0 0.0 0.0 100.0 arm2
234.1788299443235 3.9708419290900387 23.875252906659313 -2.707263080485468 -2.4353701460141557 -71.1475291636991 0.0 0.0 0.0 100.0 arm2
230.71958071709443 1.4813719543896122 23.623156066624375 -2.7050547387172807 -2.5471852669542416 -62.872197244616956 0.0 0.0 0.0 100.0 arm2
241.7098750846159 8.635968775633392 24.272587072121972 -2.7148817429739944 -2.187373823559917 -86.173312147504 0.0 0.0 0.0 100.0 arm2
234.85037449777025 4.434351642565233 23.90578618526238 -2.706981045508441 -2.417058967362152 -72.93260275141995 0.0 0.0 0.0 100.0 arm2
238.80055851462114 6.945748192893871 24.19269345828664 -2.7169074562505307 -2.268814033916692 -81.30045671223633 0.0 0.0 0.0 100.0 arm2
236.0208603685773 5.202124479047426 23.997477030739187 -2.709964238433461 -2.3696853048391553 -75.71290248041258 0.0 0.0 0.0 100.0 arm2
233.5962889761281 3.579525911733853 23.868532201378876 -2.6998561143440094 -2.4534010745534243 -70.51260411368443 0.0 0.0 0.0 100.0 arm2
234.9062960224415 4.43863985914975 23.857777849308814 -2.715269260899115 -2.4199097166181835 -73.10621951727664 0.0 0.0 0.0 100.0 arm2
240.85362589498985 8.181857189253149 24.293129246466563 -2.7076262028651295 -2.206798306756047 -84.87538993078832 0.0 0.0 0.0 100.0 arm2
237.4313404246664 6.10128485822257 24.08502321866077 -2.709621360554194 -2.3257957463972434 -78.51709326766424 0.0 0.0 0.0 100.0 arm2
240.7879384214768 8.175685220102707 24.329119040679085 -2.7038127905456966 -2.2027801972030554 -85.24867984003254 0.0 0.0 0.0 100.0 arm2
239.34749518380545 7.4275768927246695 24.263532678095956 -2.7036809445850674 -2.260688451225944 -80.95132961267427 0.0 0.0 0.0 100.0 arm2
232.2749784893215 2.517084218511266 23.578010346572356 -2.723883685212655 -2.5242579157390703 -66.686276127263 0.0 0.0 0.0 100.0 arm2
229.64769523906182 0.61380071228771 23.3806147374549 -2.721505918012151 -2.606267787731755 -60.63536162632194 0.0 0.0 0.0 100.0 arm2
233.87322514138484 3.7581814247068053 23.841503819962718 -2.7073970440091455 -2.4474603401392905 -70.58884394951313 0.0 0.0 0.0 100.0 arm2
229.18904723523247 0.21029350157205293 23.390469555663394 -2.718209945921696 -2.6158734106643062 -58.8604738350981 0.0 0.0 0.0 100.0 arm2
233.50452189318085 3.427037373997721 23.743718024152013 -2.705835784269572 -2.4826922567190928 -69.65224189268253 0.0 0.0 0.0 100.0 arm2
244.0105051349843 9.84599928483646 24.34427904624616 -2.7209462260973325 -2.112317817195433 -90.77304889417817 0.0 0.0 0.0 100.0 arm2
239.92228910655086 7.633464285905775 24.190441269742088 -2.713286125278419 -2.2466121816565665 -83.11723974234661 0.0 0.0 0.0 100.0 arm2
240.6092298549196 8.047518826906892 24.2814969141591 -2.7072705247905184 -2.21552943347122 -84.20172451935426 0.0 0.0 0.0 100.0 arm2
234.81530994646238 4.3813201672774404 23.88298045889298 -2.7163746950200043 -2.410247694536432 -73.07799563781143 0.0 0.0 0.0 100.0 arm2
256.54083744588013 14.298929087308526 24.382274565811358 -2.7599285500140907 -1.7020334321705866 -107.43726721496667 0.0 0.0 0.0 100.0 arm2
232.6611736971436 2.900179905952842 23.77710589320104 -2.7030472552535123 -2.485839915936936 -67.55935085623766 0.0 0.0 0.0 100.0 arm2
234.09394146968725 3.9328737406929806 23.89473454494506 -2.7090171474021134 -2.431491390676579 -70.74779127989302 0.0 0.0 0.0 100.0 arm2
230.11517940841543 1.0133066097898005 23.376458118997895 -2.7347513619668784 -2.5782516383799883 -62.64636546438443 0.0 0.0 0.0 100.0 arm2
234.3073395049688 4.0587873827265195 23.84803753165289 -2.7132260891057034 -2.4323681524915175 -71.89147731817881 0.0 0.0 0.0 100.0 arm2
242.07615811163902 8.808881239455276 24.287408811225564 -2.7182303373909167 -2.1739113286494147 -87.17025070538836 0.0 0.0 0.0 100.0 arm2
250.69841462407473 13.175288736106722 24.45384486110015 -2.7238014876563073 -1.9039613634590347 -101.6840226749294 0.0 0.0 0.0 100.0 arm2
234.89061802148473 4.408102907105662 23.898739923812307 -2.7112463232471153 -2.4125414315986955 -73.01722617611671 0.0 0.0 0.0 100.0 arm2
238.5282629209855 6.877734101756017 24.22127833373041 -2.6963870985723375 -2.283059719454858 -80.72539026798603 0.0 0.0 0.0 100.0 arm2
230.8967951718747 1.5376332771324417 23.520718076489224 -2.7170211115627665 -2.5623460642166322 -63.58075705012174 0.0 0.0 0.0 100.0 arm2
234.36257576174424 4.105677799185086 23.901752603107898 -2.7038187793693598 -2.4280452529299046 -71.61683570504557 0.0 0.0 0.0 100.0 arm2
232.78782429583924 2.849108055381279 23.692695760518756 -2.700133754258238 -2.508795167638872 -67.56285615282731 0.0 0.0 0.0 100.0 arm2
234.10877585835834 3.812705232051129 23.805378406550265 -2.709764970879602 -2.4466834932508967 -71.04164190933383 0.0 0.0 0.0 100.0 arm2
236.00934103560357 5.153204216473719 23.979475583229362 -2.711727844746258 -2.3728926911891355 -75.52276936367788 0.0 0.0 0.0 100.0 arm2
243.35944286037403 9.63083477945179 24.399584667381163 -2.7071107659623346 -2.127252374998805 -88.59537762940917 0.0 0.0 0.0 100.0 arm2
246.61917083498452 11.219445150782065 24.456681982056452 -2.7161419096204265 -2.022427434949836 -95.14558250873642 0.0 0.0 0.0 100.0 arm2
239.18421259230402 7.223674649118479 24.198150393927207 -2.706005099177408 -2.2680521135683245 -82.05289933937458 0.0 0.0 0.0 100.0 arm2
236.22221565368508 5.298863676981567 23.95592348548894 -2.716510078050509 -2.368449508608021 -76.4692680446563 0.0 0.0 0.0 100.0 arm2
244.22689316100886 9.843377241042901 24.38257560767224 -2.728949882712903 -2.092761118831983 -91.36405166569833 0.0 0.0 0.0 100.0 arm2
242.12169888761125 8.886550572525175 24.301707283235547 -2.7133195148951836 -2.1735497344741477 -87.33008439018829 0.0 0.0 0.0 100.0 arm2
238.7771661570488 6.950993609170127 24.14365931485781 -2.7074952743263516 -2.2873937078787416 -80.72646427277671 0.0 0.0 0.0 100.0 arm2
242.41657833163225 8.956471858451224 24.311022334391502 -2.718811044437127 -2.1568441799802662 -87.77812218548851 0.0 0.0 0.0 100.0 arm2
239.32233668829966 7.28024992112815 24.17946053855445 -2.7111577136928275 -2.2654401733275993 -81.98710990931762 0.0 0.0 0.0 100.0 arm2
228.95654665406923 0.20377921430431373 23.392590424256976 -2.7243520247564166 -2.6170462158766292 -58.37115615281269 0.0 0.0 0.0 100.0 arm2
237.18709957598708 5.9631623672282785 24.07900262601409 -2.7088853820932117 -2.333511547021706 -77.6251758924441 0.0 0.0 0.0 100.0 arm2
230.10073416572536 0.8849218444299408 23.457757330195154 -2.7160712005641985 -2.589247854275605 -61.43847379343315 0.0 0.0 0.0 100.0 arm2
241.27167576846753 8.453093739341815 24.274678094462395 -2.709052314035696 -2.2024302260981474 -85.61135868190149 0.0 0.0 0.0 100.0 arm2
232.27091225453648 2.538397886919376 23.647481614189832 -2.708635053127731 -2.5183440335944405 -66.26271902317737 0.0 0.0 0.0 100.0 arm2
229.01615670012566 0.2138339054997103 23.39427458652628 -2.721890332478602 -2.616388386006194 -58.4157308105425 0.0 0.0 0.0 100.0 arm2
232.5691210990791 2.829826379663463 23.679300604574266 -2.716946582071721 -2.4958658292771756 -68.11557802421231 0.0 0.0 0.0 100.0 arm2
242.58034160024607 9.110180084436712 24.31696283501439 -2.7169375034804437 -2.1576250013888156 -88.2738723119087 0.0 0.0 0.0 100.0 arm2
237.5908911813565 6.107835938021138 24.07012105877716 -2.7189838217619124 -2.312152037462741 -78.96641236174848 0.0 0.0 0.0 100.0 arm2
240.25904023167595 7.77456705630612 24.207516819439633 -2.7170878242064997 -2.230869611235206 -83.95858348361858 0.0 0.0 0.0 100.0 arm2
231.76539552647836 2.162403801109264 23.5285213284037 -2.7381745621146143 -2.51719759317176 -67.44694447441418 0.0 0.0 0.0 100.0 arm2
241.25218818956006 8.41829223751834 24.31409612341801 -2.7070281454417318 -2.193894691013292 -85.54827644606114 0.0 0.0 0.0 100.0 arm2
231.2716823482464 2.0233804941392637 23.78800676078913 -2.695061534973246 -2.505770744654914 -63.85419170503008 0.0 0.0 0.0 100.0 arm2
236.9271768503562 6.008726334577677 24.222324162142534 -2.69436543034847 -2.310598528425944 -77.16456968914045 0.0 0.0 0.0 100.0 arm2
231.03692489823905 1.7432963902901435 23.648553654031396 -2.703042402575466 -2.5388585726281256 -64.30914359100487 0.0 0.0 0.0 100.0 arm2
244.39383557348 10.163084387651345 24.44680301932592 -2.7106582158866175 -2.090025841974059 -92.43977223858819 0.0 0.0 0.0 100.0 arm2
234.4485576642311 4.159790574984565 23.86382878199335 -2.711358756582275 -2.4284463027440215 -72.13358399991552 0.0 0.0 0.0 100.0 arm2
230.8024958625844 1.3470680418649994 23.513146644120685 -2.713201264690631 -2.5701647828186514 -62.80789500536726 0.0 0.0 0.0 100.0 arm2
243.62687822135692 9.715444501337608 24.385242739043058 -2.71584468111758 -2.1179393205613053 -88.87316792125372 0.0 0.0 0.0 100.0 arm2
238.8578650308546 6.957515774887943 24.145149435736958 -2.714704229156892 -2.2762543600554266 -81.34370247949693 0.0 0.0 0.0 100.0 arm2
233.44312581266638 3.4397489668786476 24.025757876221885 -2.6790275378857236 -2.4379155837026123 -68.39381262871836 0.0 0.0 0.0 100.0 arm2
252.77941571326306 13.309941853407071 24.468428334677423 -2.740171892225596 -1.8190129705940223 -104.06980309092276 0.0 0.0 0.0 100.0 arm2
231.7487018524936 2.086838454259333 23.604747350569262 -2.7094855297487657 -2.5380718893186347 -65.49399545610564 0.0 0.0 0.0 100.0 arm2
240.31153117584358 7.792668211791176 24.22321224795542 -2.7170111149578515 -2.2268540786725532 -84.12243953678538 0.0 0.0 0.0 100.0 arm2
237.30756102245348 6.012349367441108 24.073582788554898 -2.712146232849531 -2.3271776958879036 -78.10898413687869 0.0 0.0 0.0 100.0 arm2
239.55694107481 7.536065484144249 24.29937469728309 -2.6933352836602173 -2.24644037967891 -82.60369013530246 0.0 0.0 0.0 100.0 arm2
235.06987663555407 4.5833556134435085 23.940451976522933 -2.707781877926763 -2.4023711299161934 -73.38654291796537 0.0 0.0 0.0 100.0 arm2
243.98954505125823 9.83441824508165 24.360976203754426 -2.7192192487035873 -2.110248412691551 -90.81353330466774 0.0 0.0 0.0 100.0 arm2
233.42687148531596 3.313883018206507 23.7472845938501 -2.7085213145069824 -2.479375607426506 -68.91123053912844 0.0 0.0 0.0 100.0 arm2
250.5445281716674 13.040590813873752 24.46812111547939 -2.7235879433741115 -1.9038522757508267 -101.29890834741008 0.0 0.0 0.0 100.0 arm2
249.31516834144804 11.943051659764771 24.393846254123286 -2.749676858677864 -1.936150497476246 -98.58268532548195 0.0 0.0 0.0 100.0 arm2
231.88398459483315 2.325539159780071 23.708394803792483 -2.7033400369357774 -2.5132577063815313 -66.15305252876026 0.0 0.0 0.0 100.0 arm2
230.6467794437656 1.3996549318631075 23.445092635961746 -2.7306392433077535 -2.567698750381621 -63.00455610194595 0.0 0.0 0.0 100.0 arm2
239.65389769514053 7.48787946970003 24.2415357505469 -2.706901987475516 -2.246684730177459 -82.24497185087819 0.0 0.0 0.0 100.0 arm2
235.27941778159993 4.855052119690069 24.229475975691777 -2.671506741954019 -2.360792659306335 -75.49698576919428 0.0 0.0 0.0 100.0 arm2
231.33624944233839 1.8604012187942067 23.622483209341436 -2.7115221052215825 -2.539986079658329 -64.18643988651968 0.0 0.0 0.0 100.0 arm2
251.64697223450887 12.85977702488728 24.41077504194869 -2.749052351394036 -1.8649940647734118 -103.16714261671072 0.0 0.0 0.0 100.0 arm2
233.30458801918456 3.199422316070251 23.71005094880398 -2.7223316083045894 -2.4674432879649077 -70.13447608800396 0.0 0.0 0.0 100.0 arm2
241.58628947078026 8.547516533558243 24.271552953425847 -2.7162690509630854 -2.190140823671392 -86.30714968965837 0.0 0.0 0.0 100.0 arm2
232.9294126715104 3.1003350414034365 23.775574565304005 -2.7065811378615336 -2.479259386126862 -68.87051297149618 0.0 0.0 0.0 100.0 arm2
241.16485419509294 8.500298816617146 24.378953995306063 -2.69133858473642 -2.1989970464474338 -86.10547044465116 0.0 0.0 0.0 100.0 arm2
233.8795452898364 3.6896874607475034 23.81493750994123 -2.7029201444600686 -2.4605215218967627 -70.29672675900024 0.0 0.0 0.0 100.0 arm2
229.6216696259476 0.6534389282721447 23.51994015530027 -2.7021663693620606 -2.5899965588303275 -60.43065268891182 0.0 0.0 0.0 100.0 arm2
229.56339582978666 0.6568330521197315 23.530308654932323 -2.7007625957350507 -2.5890081420516267 -60.15385904180408 0.0 0.0 0.0 100.0 arm2
231.30289816515636 1.8543080085016177 23.621326757702263 -2.7109476740751846 -2.538222721998729 -64.21505046561333 0.0 0.0 0.0 100.0 arm2
235.14848191764952 4.628368609284766 23.94855236033409 -2.7056940413555797 -2.4045909908137575 -73.74823147850194 0.0 0.0 0.0 100.0 arm2
232.13645891544212 2.5158752051246256 23.767800673441464 -2.6986227432735785 -2.4992641614421673 -66.49808772206255 0.0 0.0 0.0 100.0 arm2
229.39722558148324 0.31778568634108556 23.35091078966108 -2.7257703078319486 -2.614268631511794 -59.75178733715366 0.0 0.0 0.0 100.0 arm2
232.07240921682376 2.3549750096573727 23.606815910702448 -2.7217361878816284 -2.5154063873050925 -67.06972251113743 0.0 0.0 0.0 100.0 arm2
