src/trackstream/data/Pal_11_ex.ecsv
# %ECSV 1.0
# ---
# datatype:
# - {name: coord.ra, unit: deg, datatype: float64}
# - {name: coord.dec, unit: deg, datatype: float64}
# - {name: coord.distance, unit: kpc, datatype: float64}
# - {name: coord.pm_ra_cosdec, unit: mas / yr, datatype: float64}
# - {name: coord.pm_dec, unit: mas / yr, datatype: float64}
# - {name: coord.radial_velocity, unit: km / s, datatype: float64}
# - {name: x_err, unit: kpc, datatype: float64}
# - {name: y_err, unit: kpc, datatype: float64}
# - {name: z_err, unit: kpc, datatype: float64}
# - {name: Pmemb, unit: '%', datatype: float64}
# - {name: tail, datatype: string}
# meta: !!omap
# - origin: !astropy.coordinates.sky_coordinate.SkyCoord
#     dec: !astropy.coordinates.Latitude
#       unit: &id001 !astropy.units.Unit {unit: deg}
#       value: -8.0072
#     distance: !astropy.units.Quantity
#       unit: &id002 !astropy.units.Unit {unit: kpc}
#       value: 13.4
#     frame: icrs
#     pm_dec: !astropy.units.Quantity
#       unit: &id003 !astropy.units.Unit {unit: mas / yr}
#       value: -4.934
#     pm_ra_cosdec: !astropy.units.Quantity
#       unit: &id004 !astropy.units.Unit {unit: mas / yr}
#       value: -1.821
#     ra: !astropy.coordinates.Longitude
#       unit: *id001
#       value: 296.31
#       wrap_angle: &id005 !astropy.coordinates.Angle
#         unit: *id001
#         value: 360.0
#     radial_velocity: !astropy.units.Quantity
#       unit: &id006 !astropy.units.Unit {unit: km / s}
#       value: -67.6
#     representation_type: spherical
# - __serialized_columns__:
#     Pmemb:
#       __class__: astropy.units.quantity.Quantity
#       unit: !astropy.units.Unit {unit: '%'}
#       value: !astropy.table.SerializedColumn {name: Pmemb}
#     coord:
#       __class__: astropy.coordinates.sky_coordinate.SkyCoord
#       dec: !astropy.table.SerializedColumn
#         __class__: astropy.coordinates.angles.Latitude
#         unit: *id001
#         value: !astropy.table.SerializedColumn {name: coord.dec}
#       distance: !astropy.table.SerializedColumn
#         __class__: astropy.coordinates.distances.Distance
#         unit: *id002
#         value: !astropy.table.SerializedColumn {name: coord.distance}
#       frame: icrs
#       pm_dec: !astropy.table.SerializedColumn
#         __class__: astropy.units.quantity.Quantity
#         unit: *id003
#         value: !astropy.table.SerializedColumn {name: coord.pm_dec}
#       pm_ra_cosdec: !astropy.table.SerializedColumn
#         __class__: astropy.units.quantity.Quantity
#         unit: *id004
#         value: !astropy.table.SerializedColumn {name: coord.pm_ra_cosdec}
#       ra: !astropy.table.SerializedColumn
#         __class__: astropy.coordinates.angles.Longitude
#         unit: *id001
#         value: !astropy.table.SerializedColumn {name: coord.ra}
#         wrap_angle: *id005
#       radial_velocity: !astropy.table.SerializedColumn
#         __class__: astropy.units.quantity.Quantity
#         unit: *id006
#         value: !astropy.table.SerializedColumn {name: coord.radial_velocity}
#       representation_type: spherical
#     x_err:
#       __class__: astropy.units.quantity.Quantity
#       unit: *id002
#       value: !astropy.table.SerializedColumn {name: x_err}
#     y_err:
#       __class__: astropy.units.quantity.Quantity
#       unit: *id002
#       value: !astropy.table.SerializedColumn {name: y_err}
#     z_err:
#       __class__: astropy.units.quantity.Quantity
#       unit: *id002
#       value: !astropy.table.SerializedColumn {name: z_err}
# schema: astropy-2.0
coord.ra coord.dec coord.distance coord.pm_ra_cosdec coord.pm_dec coord.radial_velocity x_err y_err z_err Pmemb tail
[from data line 469]
300.055451601987 0.9343949678820399 11.937791036229742 -1.0344499650428916 -4.749104777545108 -38.462995630684404 0.0 0.0 0.0 100.0 arm2
298.05354353984404 -4.625119869294648 13.03495130474408 -1.5299858513405389 -4.822816628861065 -58.94001527120128 0.0 0.0 0.0 100.0 arm2
223.511802134602 -40.36374794395577 7.474914831330219 -4.0332143776184095 -0.16238565970035634 -134.16982184567178 0.0 0.0 0.0 100.0 arm2
300.5041249609676 3.902756176452299 11.011171291607981 -0.7108813632419051 -4.74216899666339 -21.507462049550494 0.0 0.0 0.0 100.0 arm2
299.1382031790298 -1.6634927156475865 12.40719884650591 -1.2428061438839004 -4.732638924235191 -40.006527552947034 0.0 0.0 0.0 100.0 arm2
300.69100708895786 4.841957158207259 10.857174723328145 -0.6321984185395302 -4.737799289965706 -22.534176072352434 0.0 0.0 0.0 100.0 arm2
295.8182486220455 12.081013725477824 7.75801202899265 0.9819938132347099 -4.646025669289773 14.356375462607401 0.0 0.0 0.0 100.0 arm2
299.26579514204974 -2.096025800157237 12.634648010764266 -1.3104036110228732 -4.759899289581037 -50.58100290624913 0.0 0.0 0.0 100.0 arm2
300.12577816209375 1.047102641038382 11.929954998544256 -1.0355502966436694 -4.73218608759868 -38.56121352091334 0.0 0.0 0.0 100.0 arm2
300.44240430488696 4.026355885840081 11.090515095040196 -0.7134337993789572 -4.7443867847892 -24.69113885177069 0.0 0.0 0.0 100.0 arm2
297.46438502521687 -6.096123493424107 13.297838197283532 -1.655909968733262 -4.850465805305599 -65.3085721413986 0.0 0.0 0.0 100.0 arm2
265.963745777458 1.7481634404664113 4.299799099863036 5.222292300349926 -1.0632381085697533 -25.86420250710727 0.0 0.0 0.0 100.0 arm2
298.26847652624247 -4.191583923747193 12.947117525738497 -1.5117439567639055 -4.796580551241175 -56.97924180857714 0.0 0.0 0.0 100.0 arm2
299.4890253884369 -1.1620996086916928 12.418675091094476 -1.2254310430029804 -4.7622348657493125 -46.4829600045103 0.0 0.0 0.0 100.0 arm2
300.4466336533244 4.61027101521461 11.055250727548026 -0.6802865513385219 -4.765073018236236 -29.928524048796483 0.0 0.0 0.0 100.0 arm2
265.10544891254045 1.259937346262786 4.355290254191971 5.148632874298517 -1.1083246311977428 -21.09486682254539 0.0 0.0 0.0 100.0 arm2
296.8135550354178 -7.2252797963759985 13.379914910578337 -1.7443800235376585 -4.896322795623588 -66.66777159717094 0.0 0.0 0.0 100.0 arm2
300.52689625286297 4.782018005290369 10.933688945385972 -0.6461905797579408 -4.748191581542433 -25.242523307915484 0.0 0.0 0.0 100.0 arm2
299.0704031311665 10.587267419897302 8.801025375103968 0.31187830799447824 -4.707965867843365 2.469747241400796 0.0 0.0 0.0 100.0 arm2
287.7379045095951 12.161309729395935 6.101703393255487 2.6143203135330686 -4.062321319804536 24.741266485565706 0.0 0.0 0.0 100.0 arm2
300.24330539228447 1.747715223785274 11.735576155421482 -0.9559670658407795 -4.742398653028218 -35.19365393451767 0.0 0.0 0.0 100.0 arm2
298.11535063105435 -4.539039360108542 13.048671230614671 -1.5276563925160627 -4.819199073597151 -58.74876753668313 0.0 0.0 0.0 100.0 arm2
286.3827671138438 11.759332732817473 5.823125982282049 2.9669283096661623 -3.8688345892399045 23.430689851203194 0.0 0.0 0.0 100.0 arm2
300.4081295314581 2.83998361024166 11.456903951333445 -0.8502026840691594 -4.747837900999072 -32.08551686622283 0.0 0.0 0.0 100.0 arm2
299.3483763907709 8.82293285782874 9.460898856815735 -0.011060612811106818 -4.767110098152795 -2.3944818257524965 0.0 0.0 0.0 100.0 arm2
300.5218474823333 4.196639607330802 11.085056237183354 -0.7087239254508166 -4.749627647429594 -27.0285639417575 0.0 0.0 0.0 100.0 arm2
299.6607915637531 -0.6821353136904516 12.313608297042741 -1.1822335552586345 -4.765173953363986 -45.25708127468846 0.0 0.0 0.0 100.0 arm2
300.3614513584829 4.033450227044161 11.083590308246311 -0.7124748828054672 -4.744928666936722 -25.13023151087835 0.0 0.0 0.0 100.0 arm2
290.11533515295105 12.653190490107042 6.307243165303841 2.33398109772149 -4.204801635191149 22.97466747972675 0.0 0.0 0.0 100.0 arm2
300.3540098570829 6.046822023975041 10.386568614922979 -0.44996451822803185 -4.749320710576299 -13.641328213058376 0.0 0.0 0.0 100.0 arm2
298.3471280658613 10.16547630684007 8.65335824736462 0.3832874234760977 -4.742578801691567 9.076612528320531 0.0 0.0 0.0 100.0 arm2
296.14298913517234 12.031119786854076 7.461243956306156 1.157536347115706 -4.62479442187078 20.00507295991697 0.0 0.0 0.0 100.0 arm2
299.8705718668505 0.5262886631849483 12.046807401773474 -1.082571952293813 -4.780133154055815 -44.20389006642378 0.0 0.0 0.0 100.0 arm2
297.37123178784805 -6.485431087658545 13.268638112994157 -1.681099576363775 -4.873838395303757 -64.45001547302871 0.0 0.0 0.0 100.0 arm2
300.6208846173293 3.364840072382219 11.332645652730797 -0.8021952886205839 -4.732483107451027 -30.11258154594914 0.0 0.0 0.0 100.0 arm2
296.8903860290384 -7.180403508303819 13.393214803250011 -1.7489539926019364 -4.89105230433879 -67.07077596980255 0.0 0.0 0.0 100.0 arm2
299.89103061729264 -0.08897696283576455 12.068225847668174 -1.1286772677063084 -4.714899137376224 -36.49396779715404 0.0 0.0 0.0 100.0 arm2
270.57592626157435 5.571569159297175 4.563764937839086 4.861781839595646 -1.7171209515754255 -9.10516131622662 0.0 0.0 0.0 100.0 arm2
299.35118387241846 9.071052400856596 9.07910066212892 0.12470271024959256 -4.756345114432995 3.8908865598637945 0.0 0.0 0.0 100.0 arm2
296.21288632478746 11.574134885594765 7.848494811337573 0.9121676507501517 -4.677356675089268 16.513831994250623 0.0 0.0 0.0 100.0 arm2
300.4630048199191 2.5333154285119064 11.548822763898679 -0.8930920247216183 -4.756385339114057 -35.407797734505706 0.0 0.0 0.0 100.0 arm2
227.24257934228189 -30.88341656930579 5.678862213933815 -2.0558124316777686 0.41492032601287465 -132.95074904535474 0.0 0.0 0.0 100.0 arm2
299.58500778961445 -0.8945653206466719 12.36775173656582 -1.2016399918634033 -4.756613453956746 -45.61756032423408 0.0 0.0 0.0 100.0 arm2
300.92189906249445 4.805420820559843 10.9300309311114 -0.6503554339665127 -4.70588896092709 -23.220966126342642 0.0 0.0 0.0 100.0 arm2
296.0903638447068 -8.017837573191493 13.461230132226744 -1.8190890634710999 -4.8606110029298675 -62.653299525472036 0.0 0.0 0.0 100.0 arm2
300.1824487719437 1.6325364514800715 11.732513807537421 -0.968842659544972 -4.733275046353015 -34.10327486733132 0.0 0.0 0.0 100.0 arm2
294.97420570616043 11.88952764609539 7.536936623002859 1.1535391563147859 -4.631598596737772 19.514642733353572 0.0 0.0 0.0 100.0 arm2
223.31503422599934 -43.03652655319394 8.167958911258154 -4.38220584393891 -0.28815487336681134 -124.10901738237267 0.0 0.0 0.0 100.0 arm2
300.4866787611151 3.420192236079205 11.234492895806888 -0.7850917686542458 -4.729425094346389 -26.299598694576027 0.0 0.0 0.0 100.0 arm2
297.37579765413614 11.590367762596514 7.998335255747735 0.7860059759952098 -4.672484160514765 13.262723222715488 0.0 0.0 0.0 100.0 arm2
298.2492096175946 -4.454984348968745 12.990638995823405 -1.5208591074983073 -4.817981807096183 -58.430655625049084 0.0 0.0 0.0 100.0 arm2
300.68164114548904 3.826837264935437 11.199824802303082 -0.7588060050746068 -4.728186342950483 -27.935675024270296 0.0 0.0 0.0 100.0 arm2
300.00414203243355 0.6678537574624002 11.995266070878355 -1.0779720861291817 -4.768116672265404 -42.77053479649846 0.0 0.0 0.0 100.0 arm2
300.5222349364067 3.3035375831941556 11.363311672165372 -0.8335130529573149 -4.755724961097932 -34.18364083292602 0.0 0.0 0.0 100.0 arm2
300.5970692374353 3.8966310559068518 11.057723018159269 -0.7275010476653458 -4.73319005180633 -23.467557948780634 0.0 0.0 0.0 100.0 arm2
288.03873141881036 12.771767166117376 6.183112785051893 2.517448343559648 -4.0910635838679035 22.734511752824556 0.0 0.0 0.0 100.0 arm2
253.7478026622837 -7.0749514047895286 4.172248051522071 4.4390438408186315 0.06859853161619567 -66.56313993521701 0.0 0.0 0.0 100.0 arm2
297.5317320239179 11.062954164796485 8.22552015858592 0.6431646201138674 -4.709003203593358 12.1127528856886 0.0 0.0 0.0 100.0 arm2
300.8687761492207 4.898586666884645 10.746788887828183 -0.6253522522271184 -4.735720362389704 -20.804456549837926 0.0 0.0 0.0 100.0 arm2
291.37619912745095 12.739125385731047 6.758574500817335 1.874105633352608 -4.413519102652471 23.217592574735416 0.0 0.0 0.0 100.0 arm2
286.6308326632424 11.5757935031803 5.787905291075582 3.01134233191622 -3.8747678389957008 23.976106313696377 0.0 0.0 0.0 100.0 arm2
298.91116902971606 9.084515002009809 8.992428867818475 0.17792272878860782 -4.759857262419002 7.146702534720038 0.0 0.0 0.0 100.0 arm2
286.58684094306824 12.429187527834497 5.882393887104016 2.8770765648068592 -3.8709801361644534 20.74072862559872 0.0 0.0 0.0 100.0 arm2
297.8041469208581 10.756606385159362 8.461543057489818 0.5028886610840035 -4.726992133694982 9.228288180916131 0.0 0.0 0.0 100.0 arm2
296.80984664867594 -7.277957770783012 13.517056433318661 -1.7265156697074397 -4.852736884445548 -67.75436615889228 0.0 0.0 0.0 100.0 arm2
300.24610680440696 6.407982500317321 10.305842024791726 -0.40702828819630743 -4.75327904363397 -13.060041795057298 0.0 0.0 0.0 100.0 arm2
297.8162180731889 -5.3590484751822265 13.14660042559553 -1.585021054951725 -4.848503556762734 -61.93753332416619 0.0 0.0 0.0 100.0 arm2
297.7052060425857 10.833192420523398 8.432786298365112 0.5225193124393288 -4.726105870414349 9.085868162460876 0.0 0.0 0.0 100.0 arm2
299.58720903979395 -0.9924966738778953 12.320320004405248 -1.2064234545760468 -4.792140838280397 -46.397751662623286 0.0 0.0 0.0 100.0 arm2
297.1457052031712 -6.9951371786947485 13.478998906700259 -1.7044631937453274 -4.845696790844034 -68.49953480302547 0.0 0.0 0.0 100.0 arm2
299.45608388878253 -1.110722395645199 12.387326640623382 -1.224676432414872 -4.76383213392315 -46.54333278002606 0.0 0.0 0.0 100.0 arm2
293.09390596409264 12.35295024434732 7.048493418154786 1.578001644402343 -4.5155182591470115 22.624848464962277 0.0 0.0 0.0 100.0 arm2
300.503375237429 5.842965675929796 10.292944489023512 -0.4449312294228709 -4.741564006624426 -9.766566949570826 0.0 0.0 0.0 100.0 arm2
297.27000347517196 11.400540507026404 8.151607350725525 0.6933945693198933 -4.699045326948561 10.73369502654469 0.0 0.0 0.0 100.0 arm2
299.56263430520465 -1.0393085070406705 12.376958038420183 -1.2430283929453902 -4.860425901044632 -55.923144540425014 0.0 0.0 0.0 100.0 arm2
288.11505805047545 12.358590946508912 5.9901179475480095 2.7293296158485227 -4.006506496820116 22.692274541492047 0.0 0.0 0.0 100.0 arm2
298.6050828520345 -3.229724633639861 12.883728196341734 -1.4426720075744273 -4.776434424550677 -54.824493331092064 0.0 0.0 0.0 100.0 arm2
300.1719003902552 4.4797088857828715 10.982331397439957 -0.6569380084617464 -4.7464661384770555 -20.59268167393085 0.0 0.0 0.0 100.0 arm2
298.5503023760629 -3.8043302559678875 12.950215902510589 -1.4494302898669127 -4.792548039322794 -56.82609506981978 0.0 0.0 0.0 100.0 arm2
279.6295567790884 10.307394475049476 5.1280239764303746 3.9828837091711264 -3.003691907057318 13.201368760728707 0.0 0.0 0.0 100.0 arm2
300.1437548753984 1.481813167468911 11.78525418517031 -0.9835368097399302 -4.742391854290324 -35.915161310633366 0.0 0.0 0.0 100.0 arm2
298.55082858104686 -3.7920049772702247 12.881402037851075 -1.4410773884543926 -4.831983628864304 -57.3560534974463 0.0 0.0 0.0 100.0 arm2
283.9750999026564 12.437741238847837 5.709978699372898 3.118310936355083 -3.6497514077297586 19.26535013892587 0.0 0.0 0.0 100.0 arm2
299.5900877432591 8.755564898047188 9.35193370873027 0.0027244146796774338 -4.756094354297216 -1.026588252211873 0.0 0.0 0.0 100.0 arm2
300.606777475396 2.869022697319571 11.673002654513418 -0.9169713282353482 -4.6508677626264365 -34.919461405182545 0.0 0.0 0.0 100.0 arm2
249.09845722691767 -10.153579145717641 4.25312852039528 3.757340017566041 0.31234626754402384 -74.83813618465751 0.0 0.0 0.0 100.0 arm2
299.4095883315363 -1.5831089072038493 12.485632810609644 -1.25500591466597 -4.802636430500088 -50.86434623609958 0.0 0.0 0.0 100.0 arm2
291.50596122170884 12.848041523526586 6.629977884532257 1.980396164431892 -4.344063787760769 21.720587273572143 0.0 0.0 0.0 100.0 arm2
300.0263369250822 7.84245391897852 9.852007534140181 -0.2109401526189989 -4.75269635662983 -8.971377266127103 0.0 0.0 0.0 100.0 arm2
293.8051876361865 12.85044074594614 6.997141265288194 1.6130323241232554 -4.483662503350834 20.002386541596312 0.0 0.0 0.0 100.0 arm2
300.6701767130512 4.599177280285369 10.913765076924236 -0.6582104122336419 -4.728621150083225 -22.28016525698001 0.0 0.0 0.0 100.0 arm2
268.74676714739934 4.4404758309811685 4.452233124551311 4.9885123018283055 -1.4211519380449724 -16.46109263635003 0.0 0.0 0.0 100.0 arm2
300.1991010023956 2.440075725499857 11.623441229052082 -0.8995757560261648 -4.7831965751497325 -38.472130976967776 0.0 0.0 0.0 100.0 arm2
224.82043718616762 -46.599273955985204 9.677636539467215 -4.624428422487758 -0.76442564589431 -102.58182908373048 0.0 0.0 0.0 100.0 arm2
242.0437774587801 -16.042147022686482 4.441340030037885 2.1908359346395323 0.5759107335232166 -101.00298263782786 0.0 0.0 0.0 100.0 arm2
298.8807198627818 -2.8974543571258984 12.754989120999115 -1.3797186268270996 -4.794581960786622 -53.57528047626651 0.0 0.0 0.0 100.0 arm2
298.04977395022416 -4.459552196615112 13.002723171535887 -1.5239427296005847 -4.804170711875789 -57.6220788419407 0.0 0.0 0.0 100.0 arm2
298.30053736799766 10.13744068358121 8.713824455848663 0.3564389562157124 -4.745548394664467 7.897096718541146 0.0 0.0 0.0 100.0 arm2
300.19742664924456 1.9555263186403107 11.771222833432747 -0.9105350732270077 -4.765321130310003 -35.30153492813008 0.0 0.0 0.0 100.0 arm2
298.8646887123748 -3.053416200403328 12.790295132815064 -1.3915777043373327 -4.802569664880498 -54.755386885042356 0.0 0.0 0.0 100.0 arm2
228.20340374904507 -48.81205702340775 10.856670660662122 -4.683783971038509 -1.0959395413521398 -82.21580764349477 0.0 0.0 0.0 100.0 arm2
300.1517504095997 1.9918407313128297 11.777139205351427 -0.9821439770747862 -4.816662138043482 -45.786312255876226 0.0 0.0 0.0 100.0 arm2
295.9972636014956 11.547609476314696 7.828757404487426 0.9268254111061691 -4.676066801207481 16.863337243969887 0.0 0.0 0.0 100.0 arm2
299.3665367136826 -1.5037105539788063 12.479969084385832 -1.2566882096791718 -4.7710845792239205 -48.12629436348796 0.0 0.0 0.0 100.0 arm2
298.3252018900276 9.890534169936192 8.651710640878898 0.3621856075719019 -4.753007015181634 11.638440574863814 0.0 0.0 0.0 100.0 arm2
300.27758689282007 2.1468530078241956 11.63158728844778 -0.9212355484743355 -4.746485835737806 -34.559776293431995 0.0 0.0 0.0 100.0 arm2
297.28797492033976 -6.225714518686497 13.3529245398744 -1.6631736230893706 -4.830777503166331 -64.84185050631552 0.0 0.0 0.0 100.0 arm2
297.1717184710185 -6.475074144488909 13.365860155498039 -1.6868246255838981 -4.841054144124522 -64.65231936445586 0.0 0.0 0.0 100.0 arm2
298.705572701129 -3.3744030266315583 12.839506251238065 -1.4159201665246326 -4.79847469317492 -54.78305534574428 0.0 0.0 0.0 100.0 arm2
300.41700583777174 2.618643719264731 11.512712988865164 -0.8748752043425743 -4.743339862400825 -32.392236004378944 0.0 0.0 0.0 100.0 arm2
299.2982922358839 -1.779075140615508 12.580071075020234 -1.2914187000930828 -4.771049878891947 -50.78744106726383 0.0 0.0 0.0 100.0 arm2
296.8925674733241 -7.039111281427688 13.357441679747653 -1.744858591930058 -4.876197768425104 -65.79235840133511 0.0 0.0 0.0 100.0 arm2
299.3876200497219 -1.1983733205643607 12.41103286811436 -1.2222888509680392 -4.8043926106088595 -49.93833785458493 0.0 0.0 0.0 100.0 arm2
299.25617634417557 -1.4819363765404199 12.309207112446437 -1.212585054312593 -4.71471868644049 -34.93267639570874 0.0 0.0 0.0 100.0 arm2
296.9904211695729 -6.931580747766741 13.371626196191052 -1.7219531944184125 -4.8745433306286365 -65.6684951861976 0.0 0.0 0.0 100.0 arm2
300.24806343106934 6.59814785824122 10.185647030246557 -0.36722286827984707 -4.75052042317155 -10.628121848929425 0.0 0.0 0.0 100.0 arm2
