src/trackstream/data/Pal_5_ex.ecsv
# %ECSV 1.0
# ---
# datatype:
# - {name: coord.ra, unit: deg, datatype: float64}
# - {name: coord.dec, unit: deg, datatype: float64}
# - {name: coord.distance, unit: kpc, datatype: float64}
# - {name: coord.pm_ra_cosdec, unit: mas / yr, datatype: float64}
# - {name: coord.pm_dec, unit: mas / yr, datatype: float64}
# - {name: coord.radial_velocity, unit: km / s, datatype: float64}
# - {name: x_err, unit: kpc, datatype: float64}
# - {name: y_err, unit: kpc, datatype: float64}
# - {name: z_err, unit: kpc, datatype: float64}
# - {name: Pmemb, unit: '%', datatype: float64}
# - {name: tail, datatype: string}
# meta: !!omap
# - origin: !astropy.coordinates.sky_coordinate.SkyCoord
#     dec: !astropy.coordinates.Latitude
#       unit: &id001 !astropy.units.Unit {unit: deg}
#       value: -0.1116
#     distance: !astropy.units.Quantity
#       unit: &id002 !astropy.units.Unit {unit: kpc}
#       value: 23.2
#     frame: icrs
#     pm_dec: !astropy.units.Quantity
#       unit: &id003 !astropy.units.Unit {unit: mas / yr}
#       value: -2.646
#     pm_ra_cosdec: !astropy.units.Quantity
#       unit: &id004 !astropy.units.Unit {unit: mas / yr}
#       value: -2.736
#     ra: !astropy.coordinates.Longitude
#       unit: *id001
#       value: 229.021
#       wrap_angle: &id005 !astropy.coordinates.Angle
#         unit: *id001
#         value: 360.0
#     radial_velocity: !astropy.units.Quantity
#       unit: &id006 !astropy.units.Unit {unit: km / s}
#       value: -58.6
#     representation_type: spherical
# - __serialized_columns__:
#     Pmemb:
#       __class__: astropy.units.quantity.Quantity
#       unit: !astropy.units.Unit {unit: '%'}
#       value: !astropy.table.SerializedColumn {name: Pmemb}
#     coord:
#       __class__: astropy.coordinates.sky_coordinate.SkyCoord
#       dec: !astropy.table.SerializedColumn
#         __class__: astropy.coordinates.angles.Latitude
#         unit: *id001
#         value: !astropy.table.SerializedColumn {name: coord.dec}
#       distance: !astropy.table.SerializedColumn
#         __class__: astropy.coordinates.distances.Distance
#         unit: *id002
#         value: !astropy.table.SerializedColumn {name: coord.distance}
#       frame: icrs
#       pm_dec: !astropy.table.SerializedColumn
#         __class__: astropy.units.quantity.Quantity
#         unit: *id003
#         value: !astropy.table.SerializedColumn {name: coord.pm_dec}
#       pm_ra_cosdec: !astropy.table.SerializedColumn
#         __class__: astropy.units.quantity.Quantity
#         unit: *id004
#         value: !astropy.table.SerializedColumn {name: coord.pm_ra_cosdec}
#       ra: !astropy.table.SerializedColumn
#         __class__: astropy.coordinates.angles.Longitude
#         unit: *id001
#         value: !astropy.table.SerializedColumn {name: coord.ra}
#         wrap_angle: *id005
#       radial_velocity: !astropy.table.SerializedColumn
#         __class__: astropy.units.quantity.Quantity
#         unit: *id006
#         value: !astropy.table.SerializedColumn {name: coord.radial_velocity}
#       representation_type: spherical
#     x_err:
#       __class__: astropy.units.quantity.Quantity
#       unit: *id002
#       value: !astropy.table.SerializedColumn {name: x_err}
#     y_err:
#       __class__: astropy.units.quantity.Quantity
#       unit: *id002
#       value: !astropy.table.SerializedColumn {name: y_err}
#     z_err:
#       __class__: astropy.units.quantity.Quantity
#       unit: *id002
#       value: !astropy.table.SerializedColumn {name: z_err}
# schema: astropy-2.0
coord.ra coord.dec coord.distance coord.pm_ra_cosdec coord.pm_dec coord.radial_velocity x_err y_err z_err Pmemb tail
[from data line 232]
224.71522391672687 -4.084588144814834 22.450839683685505 -2.77768602566211 -2.8405663738557325 -46.322205266097484 0.0 0.0 0.0 100.0 arm1
226.32700728400044 -2.718995873639939 22.649762946003307 -2.773292910333883 -2.7759751197866587 -50.023437627526434 0.0 0.0 0.0 100.0 arm1
226.75045278434692 -2.1531213552909634 22.80583178288158 -2.7568720630713788 -2.751170250887063 -52.02596786567669 0.0 0.0 0.0 100.0 arm1
226.1585459221041 -2.871841534683895 22.627098981703877 -2.7739310646073507 -2.780700514875401 -49.59108569929687 0.0 0.0 0.0 100.0 arm1
226.5448492918367 -2.360915527417366 22.765283814215593 -2.7597205132676166 -2.761397845888776 -51.4492342134013 0.0 0.0 0.0 100.0 arm1
220.42327240930712 -8.577503756973485 21.65297341844615 -2.8337289124499976 -3.0394903518197487 -30.330308576534513 0.0 0.0 0.0 100.0 arm1
228.12057741098258 -1.0880057706691555 22.839173405970605 -2.7744824227679823 -2.7120122186716267 -55.4855527116827 0.0 0.0 0.0 100.0 arm1
222.9504591597375 -5.712021817211619 22.28331294468574 -2.783157508315437 -2.8946824073283306 -39.914930360991995 0.0 0.0 0.0 100.0 arm1
224.96607318411998 -3.6955483870297683 22.53050586330323 -2.777810466526034 -2.8197993609498466 -47.15358006741343 0.0 0.0 0.0 100.0 arm1
218.49778591337426 -10.624618570564383 21.29075312151632 -2.857308162119402 -3.1262716646174042 -24.602527738472524 0.0 0.0 0.0 100.0 arm1
213.27294429520114 -16.327202267379654 20.151753529403333 -2.979138487844647 -3.3461244074293632 -4.571761128883566 0.0 0.0 0.0 100.0 arm1
226.47015560335348 -2.484424688068981 22.69899503586605 -2.7675829834495365 -2.7633672625374737 -51.30746895449175 0.0 0.0 0.0 100.0 arm1
228.13301234337266 -1.0139407041722008 22.969061862751346 -2.7541774502779823 -2.695969551089486 -56.05421664898787 0.0 0.0 0.0 100.0 arm1
226.81054516158832 -2.169292168028554 22.749975409040758 -2.765114896181314 -2.7564371158427465 -52.62898726248162 0.0 0.0 0.0 100.0 arm1
208.34818619229492 -22.53297023148514 19.255557430943888 -3.0594469771453303 -3.5003720524719464 19.690722388014436 0.0 0.0 0.0 100.0 arm1
227.74436446234796 -1.2770313344539685 22.900771268744812 -2.7595438264447134 -2.7124183590922217 -55.10001356158203 0.0 0.0 0.0 100.0 arm1
225.59386536387527 -3.221439693105143 22.663671217430963 -2.7603935464722973 -2.7982974496235267 -48.16256988439491 0.0 0.0 0.0 100.0 arm1
209.27611762335493 -21.89624614559307 19.472492753967213 -3.007177932965202 -3.4751945282414005 16.465455404371383 0.0 0.0 0.0 100.0 arm1
219.10893576596823 -9.799121661296018 21.46718599473034 -2.8474838547744015 -3.0803090570824527 -26.514052180828898 0.0 0.0 0.0 100.0 arm1
228.939028286646 -0.466679457150107 22.998446501652765 -2.753374525946803 -2.678163506806266 -58.61604848976197 0.0 0.0 0.0 100.0 arm1
220.65799003930073 -8.09024657741873 21.837464841220534 -2.8116808202476635 -3.0054880040674634 -32.11711638200909 0.0 0.0 0.0 100.0 arm1
223.1509506143543 -5.561809372317064 22.197422538226483 -2.7987957120466214 -2.903699258511746 -40.853783573709386 0.0 0.0 0.0 100.0 arm1
225.87738180362942 -3.024170302856685 22.540791425241565 -2.7841550141737623 -2.8055529417248826 -49.87980779490231 0.0 0.0 0.0 100.0 arm1
221.13678837800532 -7.405782542444757 21.8210901709544 -2.826592158726036 -2.9783768342464545 -35.08831658182543 0.0 0.0 0.0 100.0 arm1
221.66047924837343 -6.9803405610248355 21.979105587787387 -2.8104996837175524 -2.960253611497574 -36.174802473703814 0.0 0.0 0.0 100.0 arm1
228.45916704530873 -0.7818313405771332 22.92893356128022 -2.7636193073584585 -2.6956335825298545 -56.81224140742557 0.0 0.0 0.0 100.0 arm1
219.4817012829491 -9.386123161160706 21.55190467982982 -2.839709393081883 -3.062945874938848 -28.136839032821477 0.0 0.0 0.0 100.0 arm1
219.52017896518237 -9.281910587428127 21.578858353181527 -2.8354396773175017 -3.0535438468687524 -28.584563813868776 0.0 0.0 0.0 100.0 arm1
226.1671148975227 -2.708571169282808 22.681102614077474 -2.76765627407913 -2.7795008610836303 -50.57048826733717 0.0 0.0 0.0 100.0 arm1
219.71884129430683 -9.073800367248577 21.475357011535465 -2.8582777110944906 -3.064394290092733 -30.767830451654106 0.0 0.0 0.0 100.0 arm1
225.16327531843686 -3.7498376637621904 22.50573541844476 -2.774989568429035 -2.82412228410297 -46.44726574271593 0.0 0.0 0.0 100.0 arm1
228.8261151994336 -0.37240674643131233 23.031807452651087 -2.7523761919776932 -2.6726767497054773 -58.20023168862622 0.0 0.0 0.0 100.0 arm1
225.78539006549272 -2.776951499002264 22.709169514474986 -2.774033259584844 -2.7626779512607693 -50.51940188234042 0.0 0.0 0.0 100.0 arm1
222.65331415571032 -6.118246564094382 22.12314495053927 -2.799093480597361 -2.927933805825445 -39.15139924492695 0.0 0.0 0.0 100.0 arm1
216.2129236683163 -13.029210539573377 20.906596341495337 -2.8912581158196766 -3.204297601810558 -15.589981534021206 0.0 0.0 0.0 100.0 arm1
225.3415813296021 -3.5790457462987604 22.544312684937875 -2.771169892695534 -2.8151292313824765 -47.35543104080732 0.0 0.0 0.0 100.0 arm1
220.5569758976536 -8.201606497516387 21.673218649272023 -2.841190651051815 -3.025224224931883 -32.534199610661894 0.0 0.0 0.0 100.0 arm1
217.62100841576668 -11.431477298538562 21.21918807034046 -2.8605185323463713 -3.136175717098883 -20.641442639732155 0.0 0.0 0.0 100.0 arm1
227.73895434053665 -1.2898801380863323 22.863998968777913 -2.758198026059847 -2.7161247823477033 -55.082473339867676 0.0 0.0 0.0 100.0 arm1
224.06288170438606 -4.715779358520539 22.35435279527258 -2.784615924366459 -2.8676383396828284 -44.14614752833372 0.0 0.0 0.0 100.0 arm1
218.87434959084672 -10.025681146792433 21.44881335516539 -2.8442273499423307 -3.0863613677564623 -26.17222563981197 0.0 0.0 0.0 100.0 arm1
227.92754703874343 -1.2255729114959768 23.043479704921236 -2.7320567234477218 -2.701684396241626 -55.169782002869226 0.0 0.0 0.0 100.0 arm1
223.51841003704388 -5.24131414073305 22.239646183044556 -2.7949818385835274 -2.8942971020367807 -42.50246393558379 0.0 0.0 0.0 100.0 arm1
223.49561527233115 -5.032495873383009 22.318573370746215 -2.79469759163141 -2.868548018719895 -42.79525751246395 0.0 0.0 0.0 100.0 arm1
222.13839875238952 -6.6266130797308955 22.029596993078794 -2.8032411120460092 -2.9472313826311103 -37.814661031401734 0.0 0.0 0.0 100.0 arm1
219.78949550468343 -8.865907609164278 21.65755155170083 -2.835247386344683 -3.0347636651181507 -29.814092536981526 0.0 0.0 0.0 100.0 arm1
227.6529604605695 -1.1257933219573688 22.99352278453135 -2.7698991309035828 -2.669817545827234 -56.98076852707586 0.0 0.0 0.0 100.0 arm1
214.35108980838407 -15.235354735683353 20.48696978868575 -2.9291984280719943 -3.2897964777359743 -8.180663166239057 0.0 0.0 0.0 100.0 arm1
220.82901482835862 -7.917368391423543 21.71906014756649 -2.836063499517098 -3.0123963119676693 -34.318284569969165 0.0 0.0 0.0 100.0 arm1
227.2224550102091 -1.6783835819258555 22.86047648856361 -2.7612040159527385 -2.7259789828903775 -54.019283974129316 0.0 0.0 0.0 100.0 arm1
219.48001830889922 -9.400757480661134 21.545473460428312 -2.8396583126601014 -3.0650185939767614 -28.230206624096837 0.0 0.0 0.0 100.0 arm1
222.4707981282318 -6.256834298061606 22.06491323114301 -2.8061100369895087 -2.937245796126479 -39.27936834149391 0.0 0.0 0.0 100.0 arm1
222.53375072644226 -6.144397894882747 22.11344461969727 -2.8017443307693553 -2.928153609650061 -39.12673532349277 0.0 0.0 0.0 100.0 arm1
219.85692195679815 -8.931670032929244 21.640529920945827 -2.83405584508134 -3.0406648900210933 -29.5242742980912 0.0 0.0 0.0 100.0 arm1
220.90546382399575 -7.6276736575272075 21.86309772635732 -2.82844938994009 -2.9791643308482105 -34.473666121622706 0.0 0.0 0.0 100.0 arm1
218.5030659638203 -10.50681119874989 21.412010022608662 -2.84046936680708 -3.1020362150857124 -23.997324437717616 0.0 0.0 0.0 100.0 arm1
226.63278328550936 -2.389776816852669 22.710877274491093 -2.768924300851186 -2.7617802432319816 -51.16147492393783 0.0 0.0 0.0 100.0 arm1
210.04660458657924 -20.24422585465413 19.548993071035444 -3.0367023742375476 -3.4540715478581285 10.22787753292917 0.0 0.0 0.0 100.0 arm1
212.41719490510695 -18.380938749924475 20.096875464224304 -2.9301774842272783 -3.381422608949256 3.0466952897628374 0.0 0.0 0.0 100.0 arm1
221.85726400528173 -6.9155883345181 21.936164756356643 -2.8197356394530195 -2.960032121536502 -35.919441456589304 0.0 0.0 0.0 100.0 arm1
222.0834477156159 -6.743336567423049 22.08164185099679 -2.7909243483367003 -2.951822465472985 -37.055729176937916 0.0 0.0 0.0 100.0 arm1
218.81869035461656 -10.371646480732338 21.413233365647468 -2.832352171717993 -3.102113593896969 -24.95334460424418 0.0 0.0 0.0 100.0 arm1
221.2338103767374 -7.506557693384859 21.87615471465599 -2.8162797980391217 -2.9862776242920956 -34.84533121064337 0.0 0.0 0.0 100.0 arm1
224.04157684942606 -4.523003213653214 22.420790716902232 -2.7875759958228414 -2.8438548166847757 -44.34857319306968 0.0 0.0 0.0 100.0 arm1
227.33707413525732 -1.7184440157158742 22.86730783496278 -2.7551855241421963 -2.7311153483574935 -53.664570162838444 0.0 0.0 0.0 100.0 arm1
226.49755471214095 -2.4482621454788727 22.824178821647077 -2.75300246345914 -2.7528510167393487 -50.684882608228605 0.0 0.0 0.0 100.0 arm1
224.17596677118763 -4.630092667284648 22.413940273731182 -2.775222723013169 -2.861390756105423 -43.96761288125922 0.0 0.0 0.0 100.0 arm1
228.78705288665853 -0.5627949966207995 23.088041935810324 -2.74332383843127 -2.673812162836906 -57.789262015310086 0.0 0.0 0.0 100.0 arm1
231.11354506590533 1.6976820154110275 23.580501306214508 -2.714403431150996 -2.5506789147438056 -64.07137784567576 0.0 0.0 0.0 100.0 arm2
243.3961617352139 9.560883095775338 24.35972453509919 -2.7141498063118874 -2.127902106210085 -89.554219691493 0.0 0.0 0.0 100.0 arm2
232.2312924097286 2.5770280938998087 23.794094669684064 -2.6966062015805647 -2.4939812435838915 -66.42309284764238 0.0 0.0 0.0 100.0 arm2
232.4753233375946 2.7261213107817492 23.69915463973237 -2.711034746548505 -2.5022276566511374 -67.38966976091018 0.0 0.0 0.0 100.0 arm2
234.54315725204648 4.201718842696758 23.857156189306092 -2.7170376873290185 -2.4197841704846605 -72.49056990765308 0.0 0.0 0.0 100.0 arm2
240.4032925383934 7.895087738264743 24.248244862302304 -2.713471549557997 -2.224950450852245 -84.3956657552962 0.0 0.0 0.0 100.0 arm2
236.92390962734154 5.747247454806624 23.996117190824194 -2.7174014595459486 -2.3477031829506183 -77.12106533486714 0.0 0.0 0.0 100.0 arm2
230.3886337190245 1.1458942619796277 23.45796484822859 -2.7226110084494954 -2.5759694368548454 -62.660019954573706 0.0 0.0 0.0 100.0 arm2
229.75829417862604 0.6449379679782089 23.45626184339471 -2.7133271931752585 -2.596197626040711 -61.06330161164317 0.0 0.0 0.0 100.0 arm2
238.62087467344887 6.860289429011543 24.157914051258963 -2.7098720719303877 -2.2874779512861707 -80.74217676445123 0.0 0.0 0.0 100.0 arm2
233.50882494487956 3.432599004838725 23.7442263673005 -2.705944833706105 -2.4822378807011805 -69.68735019695603 0.0 0.0 0.0 100.0 arm2
248.47572462103196 12.115769997443508 24.493988459705673 -2.715387494936143 -1.9676837991723142 -98.19631796348018 0.0 0.0 0.0 100.0 arm2
231.91148835957657 2.331122872397308 23.690236498916658 -2.7057045204751446 -2.516269670593685 -66.43924402271567 0.0 0.0 0.0 100.0 arm2
248.58963721491585 11.91680050816362 24.482055593898586 -2.7275342939515035 -1.95125812503418 -97.55641272495184 0.0 0.0 0.0 100.0 arm2
230.4297231793598 1.089425154651708 23.55346950248351 -2.711836815563493 -2.574351561616829 -62.65209713889846 0.0 0.0 0.0 100.0 arm2
231.04464757922477 1.6566054802861503 23.577566350105492 -2.7134093782391675 -2.552266606338625 -64.21948228400083 0.0 0.0 0.0 100.0 arm2
231.44538715267944 1.9748073318695094 23.620718315204787 -2.7098249322903087 -2.535984139797617 -65.07709109860089 0.0 0.0 0.0 100.0 arm2
229.70987665456505 0.5747249105724854 23.3555368673344 -2.7217968262307717 -2.6136646011433755 -60.8719198470812 0.0 0.0 0.0 100.0 arm2
229.90693476886133 0.8275745399451869 23.55438911703233 -2.699120472833957 -2.582323275148127 -61.58391181705474 0.0 0.0 0.0 100.0 arm2
245.81071891473084 10.799582092005082 24.515245068804017 -2.7066159105504974 -2.0389121945481614 -92.82704304039933 0.0 0.0 0.0 100.0 arm2
245.4610754349865 10.51858730253354 24.378535186544784 -2.726212655636602 -2.061955102847123 -92.38379366663499 0.0 0.0 0.0 100.0 arm2
235.21385459468618 4.671919763472915 23.94993017679376 -2.7077395542255194 -2.4012659899160447 -73.37869949088837 0.0 0.0 0.0 100.0 arm2
230.53953674492897 1.2801205408881418 23.478595344684983 -2.7215889556783157 -2.5705263205640065 -63.012052747574366 0.0 0.0 0.0 100.0 arm2
231.96555990750542 2.2617596949507113 23.63391820597091 -2.709037303537592 -2.5281163316185844 -65.99642576425175 0.0 0.0 0.0 100.0 arm2
232.74385574664245 2.9553763848818786 23.774074797864234 -2.7040829042613326 -2.4837081520037887 -68.16937152376764 0.0 0.0 0.0 100.0 arm2
245.56254973397535 10.811901408793332 24.46253431522912 -2.7076362418941184 -2.058115028636156 -92.1857480643735 0.0 0.0 0.0 100.0 arm2
237.50927914413558 6.142852449231089 24.087247563703457 -2.7116613724770255 -2.3213682210701565 -78.48170398638788 0.0 0.0 0.0 100.0 arm2
241.01545489180063 8.328655103862683 24.2810306239089 -2.7102344056379404 -2.212164394014939 -85.33744385589392 0.0 0.0 0.0 100.0 arm2
247.25193917221532 11.414483061955373 24.40697190060268 -2.7276291113979965 -2.0064862993386097 -95.22709413383404 0.0 0.0 0.0 100.0 arm2
232.9067170110759 3.0435354755782655 23.749090688044102 -2.710683632405515 -2.4849780669421193 -68.38607779444408 0.0 0.0 0.0 100.0 arm2
235.9191648065466 5.096898702896328 23.96227210631368 -2.716043465921987 -2.3728395207041326 -75.59672225434105 0.0 0.0 0.0 100.0 arm2
234.7611896175752 4.35206604366497 23.918528722137122 -2.7042703457436272 -2.41934497005561 -72.80551127180239 0.0 0.0 0.0 100.0 arm2
235.9315733001949 5.135293425491424 23.955388153164563 -2.712794720246654 -2.377740702136255 -75.1509336246801 0.0 0.0 0.0 100.0 arm2
235.9921146489801 5.202342871367544 24.07569412719887 -2.6991689262771623 -2.366068736184592 -74.43210598976123 0.0 0.0 0.0 100.0 arm2
244.18615027139955 9.926785235803472 24.358094033738375 -2.7227155086404107 -2.1059536646485735 -90.1383454319034 0.0 0.0 0.0 100.0 arm2
231.77300778424183 2.190873537552069 23.61427799879159 -2.7116077203577875 -2.5311043700506755 -65.70441253651958 0.0 0.0 0.0 100.0 arm2
237.19578325988982 5.945295678473082 24.06127689512112 -2.7076690183380396 -2.3375777102077233 -77.64651301457019 0.0 0.0 0.0 100.0 arm2
230.8259695164338 1.3006598258811741 23.513420168820144 -2.7129187104283026 -2.5692577398024925 -63.02585793558258 0.0 0.0 0.0 100.0 arm2
241.10162078805644 8.25792594998549 24.267671573078626 -2.716934242218186 -2.201640782846788 -85.11774133043403 0.0 0.0 0.0 100.0 arm2
239.2489959266835 7.339539885761669 24.274721446912228 -2.694036074122308 -2.2583227028834867 -82.13031018935641 0.0 0.0 0.0 100.0 arm2
231.5615994001506 2.019886376345964 23.59424835868518 -2.7175287931566112 -2.532756159097923 -65.35131756835627 0.0 0.0 0.0 100.0 arm2
239.05238142789926 7.121781917949185 24.167353808406187 -2.710668992246953 -2.27334363292898 -81.63680006819251 0.0 0.0 0.0 100.0 arm2
231.24924905223486 1.9065685336379583 23.658639047164414 -2.703903213327074 -2.5346185165492874 -65.12715051824519 0.0 0.0 0.0 100.0 arm2
234.245223499645 3.8848143197996534 23.777462356149787 -2.7289739460159406 -2.4339119143781036 -72.2034545870317 0.0 0.0 0.0 100.0 arm2
241.7129560756247 8.581692906820814 24.297354266996255 -2.7182898660246004 -2.1792463294218654 -86.14076931367333 0.0 0.0 0.0 100.0 arm2
243.10042291463387 9.502786760938168 24.412536675086294 -2.703720773743015 -2.1438219450990275 -89.59699838690378 0.0 0.0 0.0 100.0 arm2
243.38500973672075 9.712828692592108 24.445174025266034 -2.6975245069108302 -2.1334371808013635 -90.3031323130916 0.0 0.0 0.0 100.0 arm2
239.95853174804637 7.640158662952353 24.214176641279057 -2.7127682462033422 -2.2425681003944438 -83.0283951088737 0.0 0.0 0.0 100.0 arm2
