src/trackstream/data/Pal_5_ex.ecsv
# %ECSV 1.0
# ---
# datatype:
# - {name: coord.ra, unit: deg, datatype: float64}
# - {name: coord.dec, unit: deg, datatype: float64}
# - {name: coord.distance, unit: kpc, datatype: float64}
# - {name: coord.pm_ra_cosdec, unit: mas / yr, datatype: float64}
# - {name: coord.pm_dec, unit: mas / yr, datatype: float64}
# - {name: coord.radial_velocity, unit: km / s, datatype: float64}
# - {name: x_err, unit: kpc, datatype: float64}
# - {name: y_err, unit: kpc, datatype: float64}
# - {name: z_err, unit: kpc, datatype: float64}
# - {name: Pmemb, unit: '%', datatype: float64}
# - {name: tail, datatype: string}
# meta: !!omap
# - origin: !astropy.coordinates.sky_coordinate.SkyCoord
#     dec: !astropy.coordinates.Latitude
#       unit: &id001 !astropy.units.Unit {unit: deg}
#       value: -0.1116
#     distance: !astropy.units.Quantity
#       unit: &id002 !astropy.units.Unit {unit: kpc}
#       value: 23.2
#     frame: icrs
#     pm_dec: !astropy.units.Quantity
#       unit: &id003 !astropy.units.Unit {unit: mas / yr}
#       value: -2.646
#     pm_ra_cosdec: !astropy.units.Quantity
#       unit: &id004 !astropy.units.Unit {unit: mas / yr}
#       value: -2.736
#     ra: !astropy.coordinates.Longitude
#       unit: *id001
#       value: 229.021
#       wrap_angle: &id005 !astropy.coordinates.Angle
#         unit: *id001
#         value: 360.0
#     radial_velocity: !astropy.units.Quantity
#       unit: &id006 !astropy.units.Unit {unit: km / s}
#       value: -58.6
#     representation_type: spherical
# - __serialized_columns__:
#     Pmemb:
#       __class__: astropy.units.quantity.Quantity
#       unit: !astropy.units.Unit {unit: '%'}
#       value: !astropy.table.SerializedColumn {name: Pmemb}
#     coord:
#       __class__: astropy.coordinates.sky_coordinate.SkyCoord
#       dec: !astropy.table.SerializedColumn
#         __class__: astropy.coordinates.angles.Latitude
#         unit: *id001
#         value: !astropy.table.SerializedColumn {name: coord.dec}
#       distance: !astropy.table.SerializedColumn
#         __class__: astropy.coordinates.distances.Distance
#         unit: *id002
#         value: !astropy.table.SerializedColumn {name: coord.distance}
#       frame: icrs
#       pm_dec: !astropy.table.SerializedColumn
#         __class__: astropy.units.quantity.Quantity
#         unit: *id003
#         value: !astropy.table.SerializedColumn {name: coord.pm_dec}
#       pm_ra_cosdec: !astropy.table.SerializedColumn
#         __class__: astropy.units.quantity.Quantity
#         unit: *id004
#         value: !astropy.table.SerializedColumn {name: coord.pm_ra_cosdec}
#       ra: !astropy.table.SerializedColumn
#         __class__: astropy.coordinates.angles.Longitude
#         unit: *id001
#         value: !astropy.table.SerializedColumn {name: coord.ra}
#         wrap_angle: *id005
#       radial_velocity: !astropy.table.SerializedColumn
#         __class__: astropy.units.quantity.Quantity
#         unit: *id006
#         value: !astropy.table.SerializedColumn {name: coord.radial_velocity}
#       representation_type: spherical
#     x_err:
#       __class__: astropy.units.quantity.Quantity
#       unit: *id002
#       value: !astropy.table.SerializedColumn {name: x_err}
#     y_err:
#       __class__: astropy.units.quantity.Quantity
#       unit: *id002
#       value: !astropy.table.SerializedColumn {name: y_err}
#     z_err:
#       __class__: astropy.units.quantity.Quantity
#       unit: *id002
#       value: !astropy.table.SerializedColumn {name: z_err}
# schema: astropy-2.0
coord.ra coord.dec coord.distance coord.pm_ra_cosdec coord.pm_dec coord.radial_velocity x_err y_err z_err Pmemb tail
209.81864356498207 -21.526994453828728 19.518010608375125 -3.0004231955471217 -3.485936332604303 14.440972317931212 0.0 0.0 0.0 100.0 arm1
224.20354012386173 -4.594786908747075 22.439294745538405 -2.77549571094582 -2.855667657819676 -43.928639819886556 0.0 0.0 0.0 100.0 arm1
217.5681689083883 -11.305017029311433 21.224434023953837 -2.8683335747722993 -3.13100310206095 -21.458406684891173 0.0 0.0 0.0 100.0 arm1
217.70817711469732 -11.312295197527558 21.20175536177285 -2.868806332174637 -3.1393195561008773 -21.42509613061955 0.0 0.0 0.0 100.0 arm1
217.57283626618974 -11.527313109870114 21.1554718306354 -2.8700931639367573 -3.1511364520130156 -21.284497999201065 0.0 0.0 0.0 100.0 arm1
226.53092584055955 -2.311202681455277 22.748585403652203 -2.764518818854226 -2.759654269988823 -51.7469252719616 0.0 0.0 0.0 100.0 arm1
221.03926936454567 -7.49473341881475 21.921100095126388 -2.8162041528301045 -2.9724731470615655 -34.32691974042451 0.0 0.0 0.0 100.0 arm1
229.1334480069482 -0.36898953973537535 23.02003763125441 -2.744930117495681 -2.672171168851213 -58.67971913217888 0.0 0.0 0.0 100.0 arm1
225.1741625436752 -3.677338607713019 22.521010878555664 -2.7772769653949947 -2.8214380263237344 -47.08497449977789 0.0 0.0 0.0 100.0 arm1
221.91563531839742 -6.818180899002064 21.95056068951303 -2.81644677096412 -2.963529243831112 -37.34741555402787 0.0 0.0 0.0 100.0 arm1
213.16493868085826 -16.985253028487495 20.231819714073357 -2.944237204455805 -3.3478052211444638 -1.4111639158343507 0.0 0.0 0.0 100.0 arm1
225.62420412496638 -3.2716892042040957 22.592269556854756 -2.770236483971105 -2.8014432257103747 -48.340120543459236 0.0 0.0 0.0 100.0 arm1
215.14455181611225 -14.18920617738667 20.7227024904048 -2.90683666713588 -3.237602642391585 -10.951760318314001 0.0 0.0 0.0 100.0 arm1
223.40127100138176 -5.2361329924267235 22.364024929514922 -2.7720396442780193 -2.8813679977908913 -41.65131741870243 0.0 0.0 0.0 100.0 arm1
226.63522543196717 -2.3426761819137076 22.71558866438561 -2.768488917477646 -2.7654173623866747 -51.980521664533235 0.0 0.0 0.0 100.0 arm1
217.7424267245017 -11.283805632386656 21.230549940480646 -2.8619609064184397 -3.1300197312129283 -21.197986227899136 0.0 0.0 0.0 100.0 arm1
229.07286768069764 -0.36531239055290166 23.026014994309588 -2.747474009183324 -2.6714801788434137 -58.728955248676435 0.0 0.0 0.0 100.0 arm1
224.5004766990152 -4.152171429963415 22.449992399616107 -2.7842092805046215 -2.8372312141621294 -45.741015661151074 0.0 0.0 0.0 100.0 arm1
228.1522798871021 -1.0342390352148298 22.865863492232105 -2.770419816300323 -2.7079744033620425 -55.594012215875864 0.0 0.0 0.0 100.0 arm1
214.07568587201763 -15.62979807512403 20.491577844190427 -2.9185542945926346 -3.2918400954468687 -6.418966713424467 0.0 0.0 0.0 100.0 arm1
224.03207158831063 -4.768293589058255 22.385963198007925 -2.7775307320833145 -2.8677941819987636 -43.55074609193879 0.0 0.0 0.0 100.0 arm1
214.8513505543617 -14.565456433483638 20.672591305285646 -2.9067026155886406 -3.2502002400658987 -9.965418118499642 0.0 0.0 0.0 100.0 arm1
214.2661435913985 -15.358827680205897 20.506788211065192 -2.9257489613047207 -3.283726783628535 -6.788182341718368 0.0 0.0 0.0 100.0 arm1
213.29372805182146 -16.539454530279087 20.33907851919687 -2.9347258481473193 -3.3169344775314933 -2.4572459556665365 0.0 0.0 0.0 100.0 arm1
227.20236735010272 -1.8270156932989994 22.862322065677727 -2.7566088457698377 -2.7312085479789836 -53.35197156806687 0.0 0.0 0.0 100.0 arm1
227.98996348685057 -1.1315406143502738 22.92249345186044 -2.755363209367786 -2.705813218137 -55.83464413418412 0.0 0.0 0.0 100.0 arm1
220.3005034099311 -8.45707283590535 21.732871677437924 -2.824127371069705 -3.0201392411563415 -31.08739100656807 0.0 0.0 0.0 100.0 arm1
226.83719750340694 -2.16963624997586 22.771757903530823 -2.763749983998569 -2.75312124345365 -52.32360214572406 0.0 0.0 0.0 100.0 arm1
215.18989901101227 -14.149439784000766 20.72479661585699 -2.9045441716732823 -3.2354987152029144 -11.08593416825505 0.0 0.0 0.0 100.0 arm1
223.54304575046083 -5.155260363713307 22.28919805532664 -2.7882472468648603 -2.884001793835358 -42.433636918591645 0.0 0.0 0.0 100.0 arm1
219.5480186877802 -9.225097194036826 21.568434430584155 -2.8412926744284768 -3.0516010066094146 -28.21491146691521 0.0 0.0 0.0 100.0 arm1
220.18846615816784 -8.424542969016764 21.733630492124778 -2.8334596765168962 -3.013460838784539 -31.652098704986287 0.0 0.0 0.0 100.0 arm1
222.15333349432143 -6.603380254844408 22.058742194416986 -2.8005750990154565 -2.9467951831812527 -37.340769194748816 0.0 0.0 0.0 100.0 arm1
226.36990146787122 -2.8937653078944856 22.532358999003915 -2.787874532033989 -2.805881578229083 -50.14500687242736 0.0 0.0 0.0 100.0 arm1
226.61009777241262 -2.343582060704231 22.702928706088812 -2.7693126371879324 -2.7668181261000226 -52.1942207752348 0.0 0.0 0.0 100.0 arm1
223.9681838777825 -4.835205221163257 22.396767903176336 -2.77718911558233 -2.8672819577851163 -43.18200875732652 0.0 0.0 0.0 100.0 arm1
219.8718154652752 -8.895087773189964 21.624190430308616 -2.8379060395077134 -3.0396642380354995 -29.357326372695 0.0 0.0 0.0 100.0 arm1
217.72044258831866 -11.30087386850719 21.162666601994697 -2.8749533425866134 -3.14577769583951 -21.943323789929693 0.0 0.0 0.0 100.0 arm1
224.86039483232892 -3.7881923380496896 22.511442170519995 -2.7796115940769153 -2.823564516866272 -46.893562579726556 0.0 0.0 0.0 100.0 arm1
214.38045376895144 -15.211627406920506 20.479653346490483 -2.9337605870355796 -3.287901286975388 -7.156919095772807 0.0 0.0 0.0 100.0 arm1
222.66349903306033 -6.051314291007295 22.13006984380574 -2.7992155665105187 -2.92186640557874 -39.17824626105635 0.0 0.0 0.0 100.0 arm1
221.71056196223915 -7.088663724705246 22.00084022118361 -2.7992884801853193 -2.96643584096366 -35.77914687990483 0.0 0.0 0.0 100.0 arm1
220.82945635822898 -7.699842119989669 21.84530962241285 -2.828023109921963 -2.9832107211016883 -33.909150315783116 0.0 0.0 0.0 100.0 arm1
225.00730637132304 -3.8682258446234923 22.40374140882204 -2.7922336448053953 -2.842565870742843 -46.106726646869085 0.0 0.0 0.0 100.0 arm1
220.77223442999627 -8.161995531078487 21.677371638159567 -2.836906065399925 -3.0313101160813734 -32.3768034440568 0.0 0.0 0.0 100.0 arm1
225.21235452338107 -3.4003329365577946 22.60911852553027 -2.77236121467011 -2.79984098469754 -47.90374676309886 0.0 0.0 0.0 100.0 arm1
216.14373466777212 -13.361587069108527 20.870606996674464 -2.8824855141088355 -3.2184399412255065 -14.984610018751859 0.0 0.0 0.0 100.0 arm1
224.61590406322756 -4.180015031811656 22.417788129546828 -2.785481659370694 -2.8449164700222296 -45.292310774589595 0.0 0.0 0.0 100.0 arm1
227.4256946201897 -1.577150742652102 22.97556950956022 -2.751018782387445 -2.70939275681953 -53.152925915708096 0.0 0.0 0.0 100.0 arm1
218.47752189718588 -10.405209022208416 21.332506084922546 -2.85926472496495 -3.1063129698383394 -25.30076709549087 0.0 0.0 0.0 100.0 arm1
206.1056396902218 -25.201043513200087 18.680344947778245 -3.1369631366463944 -3.5884037595810514 28.057653484265288 0.0 0.0 0.0 100.0 arm1
228.7155998091619 -0.511196173547673 23.211222901394784 -2.729142753021203 -2.6524339440692155 -56.17553872523706 0.0 0.0 0.0 100.0 arm1
222.7269907815182 -6.0652822603548815 22.20691525024663 -2.783340187716833 -2.91910059393215 -38.95797915239218 0.0 0.0 0.0 100.0 arm1
226.40643692003178 -2.4704180212475744 22.719923524909092 -2.7673774351093128 -2.7648294194761993 -51.07359204853938 0.0 0.0 0.0 100.0 arm1
228.49835801683633 -0.32226687906764395 23.125905852368774 -2.755448717200337 -2.6448040970215483 -57.539820211629475 0.0 0.0 0.0 100.0 arm1
226.0070778357645 -2.8922633726809885 22.627529676228946 -2.7744535519042417 -2.7881917226794286 -49.53068447412227 0.0 0.0 0.0 100.0 arm1
222.03541888279577 -6.815875488754363 22.127149672675944 -2.7763529405889393 -2.9514107521983846 -36.31637537311825 0.0 0.0 0.0 100.0 arm1
222.75664049296853 -5.982379440693985 22.124201809212572 -2.800994036300743 -2.924888400077336 -40.005962518109925 0.0 0.0 0.0 100.0 arm1
215.4969672571323 -13.865152195496327 20.748067677421194 -2.9038226038602986 -3.2367396433530384 -12.979563018352508 0.0 0.0 0.0 100.0 arm1
224.2267059759701 -4.498421490384371 22.41175596651464 -2.779564401778961 -2.856115312901252 -44.51728666811902 0.0 0.0 0.0 100.0 arm1
219.565879437632 -9.399330036074959 21.63804477120341 -2.817401480493279 -3.0592879597662135 -27.64565337889195 0.0 0.0 0.0 100.0 arm1
225.48864169748092 -3.1882925987879793 22.616440200599914 -2.773501446148361 -2.797392110567838 -48.78737461416226 0.0 0.0 0.0 100.0 arm1
226.0506795287002 -2.8799333897296804 22.70487073550514 -2.7587713616666987 -2.7864285429418656 -49.756380101296045 0.0 0.0 0.0 100.0 arm1
219.0811651770697 -9.933894868889805 21.425412994700135 -2.8484253468789995 -3.0944781726654518 -26.653583381814215 0.0 0.0 0.0 100.0 arm1
215.86404806259944 -13.433876776784034 20.83534582843417 -2.897686421046131 -3.2189239046548 -14.060652959114712 0.0 0.0 0.0 100.0 arm1
224.97999064775354 -3.4922226850596427 22.577456911881498 -2.7906196990345897 -2.787980255187797 -48.87806551922644 0.0 0.0 0.0 100.0 arm1
221.31884316141333 -7.352400721373932 21.917875006427014 -2.8135839998677104 -2.9758042540042444 -34.87321054455261 0.0 0.0 0.0 100.0 arm1
227.9390657119477 -1.176632475679744 22.913065544857076 -2.7572290500907135 -2.708909745066761 -55.796264420356394 0.0 0.0 0.0 100.0 arm1
223.9439881059827 -4.694218736672159 22.381720269186637 -2.78336398835631 -2.8643087437365047 -43.9631551704106 0.0 0.0 0.0 100.0 arm1
227.09894365023104 -1.9495158300953865 22.88384195959474 -2.7462879321533533 -2.7383484623683563 -52.87601725747898 0.0 0.0 0.0 100.0 arm1
222.79265747681538 -6.006102985259928 22.20543429113546 -2.7847673324311097 -2.9203854751014076 -39.589079448549924 0.0 0.0 0.0 100.0 arm1
213.7987819128878 -15.815946882087719 20.395751683121386 -2.937821429906288 -3.303646829271849 -6.151024921635013 0.0 0.0 0.0 100.0 arm1
219.8248780516872 -8.986856952452037 21.585555248956172 -2.8436849978390506 -3.048567474335237 -29.295554584466245 0.0 0.0 0.0 100.0 arm1
222.0660329259086 -6.63778579876051 22.06052576481983 -2.799857369505746 -2.9469925134060406 -37.25550593219734 0.0 0.0 0.0 100.0 arm1
228.54987559734965 -0.7501323449066746 23.04139026180976 -2.7488379584531364 -2.6818645250797837 -56.944772939077836 0.0 0.0 0.0 100.0 arm1
216.805986667637 -12.16227815447878 21.00677051559413 -2.884648037443588 -3.169194678502731 -18.732814849059956 0.0 0.0 0.0 100.0 arm1
226.7314286991249 -2.25391090095169 22.74425386706275 -2.765011912497448 -2.7540162367654797 -51.823609151282184 0.0 0.0 0.0 100.0 arm1
219.3931190660887 -9.414408973469843 21.546016175078076 -2.838727156754684 -3.060450747970507 -28.309260517775442 0.0 0.0 0.0 100.0 arm1
225.48078689763898 -3.363315044342944 22.63396131281276 -2.766334466276946 -2.7990948296054086 -48.07490603047213 0.0 0.0 0.0 100.0 arm1
213.51242128809085 -16.84582090792368 20.274837605678464 -2.9281385739182477 -3.3516799881488577 -2.7784776325613763 0.0 0.0 0.0 100.0 arm1
229.18423976313454 -0.1350485601908766 23.214890467466937 -2.7258712646504866 -2.6519131119408703 -59.380747322359696 0.0 0.0 0.0 100.0 arm1
227.33493891029156 -1.7085986346295545 22.806165470191754 -2.7662556493019026 -2.736787967657333 -53.67124564291116 0.0 0.0 0.0 100.0 arm1
220.8364946397968 -7.782727789122098 21.835568446179863 -2.822515426710791 -2.9917603771325094 -33.6328418091415 0.0 0.0 0.0 100.0 arm1
227.1580753857955 -1.7526901349859967 22.945905181798338 -2.7357699280650443 -2.7306942642273104 -53.27155484132979 0.0 0.0 0.0 100.0 arm1
222.28061185452236 -6.339156753915656 22.086573229605598 -2.806299339425694 -2.9310901982975697 -38.49507240223082 0.0 0.0 0.0 100.0 arm1
219.61448131763137 -9.131556339227572 21.630651891308915 -2.833821583957523 -3.043374607669273 -28.877844021826817 0.0 0.0 0.0 100.0 arm1
221.4686726619774 -7.326992631899814 21.90917453552909 -2.8105033722237818 -2.9802408601578274 -35.53356016504412 0.0 0.0 0.0 100.0 arm1
218.60171956634187 -10.408697344647646 21.431558912014633 -2.8383750460035326 -3.0984458865593334 -24.35312838918314 0.0 0.0 0.0 100.0 arm1
218.21066324698077 -10.830601678077079 21.230560456955203 -2.873453843956398 -3.1279451318859586 -23.204045131024408 0.0 0.0 0.0 100.0 arm1
212.9842160203226 -16.82092828262051 20.272466452641652 -2.9460267297575298 -3.3270843477832672 -1.4026124557661603 0.0 0.0 0.0 100.0 arm1
218.53232853503374 -10.352219325007965 21.398861826452226 -2.849865630089738 -3.0943304076356117 -24.468379045419887 0.0 0.0 0.0 100.0 arm1
226.3375527771667 -2.5389364320069285 22.647044635750763 -2.7731043892048333 -2.7751170885059833 -51.92524674867569 0.0 0.0 0.0 100.0 arm1
225.4787208232234 -3.3589650662496267 22.6340100183357 -2.7665744241429158 -2.798674050794277 -48.09799337757559 0.0 0.0 0.0 100.0 arm1
216.83617007566247 -12.124092611174683 21.07369270529447 -2.881171197444761 -3.1608297851900558 -18.409572484394623 0.0 0.0 0.0 100.0 arm1
220.5987583017566 -8.030722254022216 21.64344424096624 -2.841182093065662 -3.0230327582835175 -34.22450388437423 0.0 0.0 0.0 100.0 arm1
226.90890782742034 -1.9888843157388891 22.806192946545547 -2.763498970866569 -2.7412147185889215 -52.863284493148946 0.0 0.0 0.0 100.0 arm1
219.8141079283332 -9.146400628301556 21.617544206382398 -2.823325541630129 -3.0510763523193205 -28.907325184604893 0.0 0.0 0.0 100.0 arm1
223.92946551560723 -4.715249740703028 22.350415781991774 -2.7893663498295083 -2.8636378890853593 -43.77721287730399 0.0 0.0 0.0 100.0 arm1
217.69936241550855 -11.199451841329942 21.180803478803757 -2.872969024747214 -3.134877069984967 -22.62902617606879 0.0 0.0 0.0 100.0 arm1
221.6438554042427 -7.094056052769656 21.895758796000095 -2.8212611515132435 -2.975984838907393 -36.380717465471605 0.0 0.0 0.0 100.0 arm1
225.45456911669055 -3.4107111706299165 22.583767183603925 -2.7718904378733127 -2.8065444185649464 -48.073213188457004 0.0 0.0 0.0 100.0 arm1
226.73895835162799 -2.062515527318387 22.828857357326715 -2.7584379903229905 -2.7472890745958787 -51.959265486584954 0.0 0.0 0.0 100.0 arm1
220.26646007906027 -8.568007080996944 21.61947366028724 -2.83910848139421 -3.0363230915742774 -32.29355092598958 0.0 0.0 0.0 100.0 arm1
214.27738753158388 -15.252588802287264 20.49395986726521 -2.9298747495136013 -3.2856119405194626 -8.016113440116499 0.0 0.0 0.0 100.0 arm1
212.25556934997712 -17.820720208526215 20.07896842751789 -2.9653706117721375 -3.368785737736715 1.716084625121269 0.0 0.0 0.0 100.0 arm1
223.23440260871473 -5.592021969976585 22.29149972776677 -2.775608973964381 -2.9026543457150895 -40.353641469713054 0.0 0.0 0.0 100.0 arm1
227.84662566028265 -1.2566078797380962 22.8834325285268 -2.7584551151076173 -2.7155962753647818 -55.696260271706116 0.0 0.0 0.0 100.0 arm1
218.77282166381937 -10.160523680555954 21.452135804437678 -2.8423373978694335 -3.0877781362420644 -25.255481124749835 0.0 0.0 0.0 100.0 arm1
223.39469967652718 -5.060503553625063 22.288008583385153 -2.8036329287650776 -2.8710361014634693 -42.914558444437894 0.0 0.0 0.0 100.0 arm1
220.0199245227502 -8.875877367857617 21.713795623536132 -2.816800915371851 -3.036902391293373 -29.550879022958192 0.0 0.0 0.0 100.0 arm1
223.19107922150607 -5.509509678056308 22.19358567829524 -2.795832142866849 -2.9028588899014367 -41.699038061876585 0.0 0.0 0.0 100.0 arm1
227.94238235626452 -1.1386495503754595 22.896394277617492 -2.759751175598941 -2.7071974025112433 -55.11383635451337 0.0 0.0 0.0 100.0 arm1
219.2698091534883 -9.542742925891922 21.526200846081426 -2.8400809890207848 -3.064454649618103 -27.790857963165415 0.0 0.0 0.0 100.0 arm1
227.13551297986223 -1.8599069289250605 22.808702768107405 -2.762062616137936 -2.7390694562644664 -52.98491904377711 0.0 0.0 0.0 100.0 arm1
215.07382519552408 -14.697729613080064 20.64020504398668 -2.8987999400569358 -3.2715319804530862 -10.336976671550161 0.0 0.0 0.0 100.0 arm1
