src/trackstream/data/Pal_11_ex.ecsv
# %ECSV 1.0
# ---
# datatype:
# - {name: coord.ra, unit: deg, datatype: float64}
# - {name: coord.dec, unit: deg, datatype: float64}
# - {name: coord.distance, unit: kpc, datatype: float64}
# - {name: coord.pm_ra_cosdec, unit: mas / yr, datatype: float64}
# - {name: coord.pm_dec, unit: mas / yr, datatype: float64}
# - {name: coord.radial_velocity, unit: km / s, datatype: float64}
# - {name: x_err, unit: kpc, datatype: float64}
# - {name: y_err, unit: kpc, datatype: float64}
# - {name: z_err, unit: kpc, datatype: float64}
# - {name: Pmemb, unit: '%', datatype: float64}
# - {name: tail, datatype: string}
# meta: !!omap
# - origin: !astropy.coordinates.sky_coordinate.SkyCoord
#     dec: !astropy.coordinates.Latitude
#       unit: &id001 !astropy.units.Unit {unit: deg}
#       value: -8.0072
#     distance: !astropy.units.Quantity
#       unit: &id002 !astropy.units.Unit {unit: kpc}
#       value: 13.4
#     frame: icrs
#     pm_dec: !astropy.units.Quantity
#       unit: &id003 !astropy.units.Unit {unit: mas / yr}
#       value: -4.934
#     pm_ra_cosdec: !astropy.units.Quantity
#       unit: &id004 !astropy.units.Unit {unit: mas / yr}
#       value: -1.821
#     ra: !astropy.coordinates.Longitude
#       unit: *id001
#       value: 296.31
#       wrap_angle: &id005 !astropy.coordinates.Angle
#         unit: *id001
#         value: 360.0
#     radial_velocity: !astropy.units.Quantity
#       unit: &id006 !astropy.units.Unit {unit: km / s}
#       value: -67.6
#     representation_type: spherical
# - __serialized_columns__:
#     Pmemb:
#       __class__: astropy.units.quantity.Quantity
#       unit: !astropy.units.Unit {unit: '%'}
#       value: !astropy.table.SerializedColumn {name: Pmemb}
#     coord:
#       __class__: astropy.coordinates.sky_coordinate.SkyCoord
#       dec: !astropy.table.SerializedColumn
#         __class__: astropy.coordinates.angles.Latitude
#         unit: *id001
#         value: !astropy.table.SerializedColumn {name: coord.dec}
#       distance: !astropy.table.SerializedColumn
#         __class__: astropy.coordinates.distances.Distance
#         unit: *id002
#         value: !astropy.table.SerializedColumn {name: coord.distance}
#       frame: icrs
#       pm_dec: !astropy.table.SerializedColumn
#         __class__: astropy.units.quantity.Quantity
#         unit: *id003
#         value: !astropy.table.SerializedColumn {name: coord.pm_dec}
#       pm_ra_cosdec: !astropy.table.SerializedColumn
#         __class__: astropy.units.quantity.Quantity
#         unit: *id004
#         value: !astropy.table.SerializedColumn {name: coord.pm_ra_cosdec}
#       ra: !astropy.table.SerializedColumn
#         __class__: astropy.coordinates.angles.Longitude
#         unit: *id001
#         value: !astropy.table.SerializedColumn {name: coord.ra}
#         wrap_angle: *id005
#       radial_velocity: !astropy.table.SerializedColumn
#         __class__: astropy.units.quantity.Quantity
#         unit: *id006
#         value: !astropy.table.SerializedColumn {name: coord.radial_velocity}
#       representation_type: spherical
#     x_err:
#       __class__: astropy.units.quantity.Quantity
#       unit: *id002
#       value: !astropy.table.SerializedColumn {name: x_err}
#     y_err:
#       __class__: astropy.units.quantity.Quantity
#       unit: *id002
#       value: !astropy.table.SerializedColumn {name: y_err}
#     z_err:
#       __class__: astropy.units.quantity.Quantity
#       unit: *id002
#       value: !astropy.table.SerializedColumn {name: z_err}
# schema: astropy-2.0
coord.ra coord.dec coord.distance coord.pm_ra_cosdec coord.pm_dec coord.radial_velocity x_err y_err z_err Pmemb tail
[from data line 117]
213.27498315293602 -38.85596895788893 7.309956455433142 -8.903606187619802 -2.003492704877706 -41.662834105432026 0.0 0.0 0.0 100.0 arm1
292.0825795829068 -14.188755041287711 13.750435002695719 -2.4335151503876533 -5.171564414490674 -79.65901483467553 0.0 0.0 0.0 100.0 arm1
249.7440216481813 -39.51455493867432 11.043102845917547 -7.450814434316073 -4.581305763621673 -99.56642933966764 0.0 0.0 0.0 100.0 arm1
285.7391655552277 -21.130317917867913 13.808311251822087 -3.2669768671758925 -5.430761332783782 -87.8763429302828 0.0 0.0 0.0 100.0 arm1
235.07707643087042 -41.00704410157758 9.657322050915393 -8.260058759682313 -3.4888676284203153 -79.86830502675535 0.0 0.0 0.0 100.0 arm1
252.0917807220681 -39.023737787642446 11.216683806030282 -7.353020002838469 -4.781287190703585 -97.59581505266013 0.0 0.0 0.0 100.0 arm1
278.076297665834 -27.36125914231726 13.485543610284685 -4.274565767120555 -5.566387996058143 -92.62702490117307 0.0 0.0 0.0 100.0 arm1
227.6210576105594 -40.94049735917627 8.851124050942788 -8.493236621757891 -2.8916543048646757 -73.08859021522217 0.0 0.0 0.0 100.0 arm1
294.64402293251965 -10.66929365258745 13.472298081654188 -2.0731775886328228 -5.061697940872472 -69.68804300141738 0.0 0.0 0.0 100.0 arm1
295.7857748563094 -8.784326538207214 13.372820168111385 -1.8896220265349952 -4.9876078557384 -67.37609608088309 0.0 0.0 0.0 100.0 arm1
291.8651613961582 -14.845769279735956 13.678299646517285 -2.5190080930552528 -5.3090684704890805 -83.4202805764123 0.0 0.0 0.0 100.0 arm1
295.44840810782233 -9.38983736682852 13.416193551533036 -1.951767046702677 -5.018975979646963 -69.91785843470947 0.0 0.0 0.0 100.0 arm1
265.28516754036536 -34.67851518212069 12.327295132655687 -6.085963052374282 -5.560293915502189 -95.64781897441017 0.0 0.0 0.0 100.0 arm1
279.0105869190594 -26.794384165305406 13.399759640032851 -4.235706786770037 -5.662743771379206 -91.4992794619536 0.0 0.0 0.0 100.0 arm1
289.11396419114374 -17.817855253547002 13.838509649716404 -2.8346520681737046 -5.333235352773712 -85.52399189078022 0.0 0.0 0.0 100.0 arm1
271.3475434172039 -31.760450342283505 12.92310293518257 -5.187015811422353 -5.6200603028506135 -95.03080039419845 0.0 0.0 0.0 100.0 arm1
291.27388251127877 -15.239002380347303 13.80707371835636 -2.5282727043290474 -5.21605050992669 -81.11151809367797 0.0 0.0 0.0 100.0 arm1
270.46349325982953 -31.740020317082422 12.960912728834215 -5.24044180535152 -5.52880489117344 -97.51216329509538 0.0 0.0 0.0 100.0 arm1
279.0253007601574 -26.783074180914028 13.491215031587439 -4.1735268405429915 -5.600875912710161 -91.9709534604742 0.0 0.0 0.0 100.0 arm1
296.07815555465504 -8.316142646883767 13.33258193751326 -1.8544756584237896 -4.971673268625 -67.46485243960954 0.0 0.0 0.0 100.0 arm1
294.68412964054073 -10.427801965199517 13.572036793420434 -2.053007756434581 -5.022234130904647 -72.27828060684442 0.0 0.0 0.0 100.0 arm1
279.1517097994969 -26.68939842330163 13.441091996073725 -4.196665221037962 -5.63924497779891 -91.66018988200285 0.0 0.0 0.0 100.0 arm1
291.1028092959356 -15.484506738071298 13.805022912812673 -2.5673734952191563 -5.2238062643457095 -81.3683883673927 0.0 0.0 0.0 100.0 arm1
288.0951654761022 -18.88871403725876 13.818350406273703 -2.9722848144031726 -5.372632959467085 -85.89331842780739 0.0 0.0 0.0 100.0 arm1
271.2402524165391 -31.70551495708241 12.877009024036026 -5.265959945453677 -5.655819815515872 -94.68161606025373 0.0 0.0 0.0 100.0 arm1
281.7070038323346 -24.528174177264162 13.549465872361978 -3.8546194390454485 -5.60106953604209 -91.2478853970967 0.0 0.0 0.0 100.0 arm1
266.92089959238933 -33.96189445105474 12.580979551826955 -5.754883956479612 -5.523341440068226 -97.72161975542507 0.0 0.0 0.0 100.0 arm1
253.49735524776622 -38.800915024204784 11.375283990615968 -7.156773405196404 -4.832107998079033 -101.48188319264828 0.0 0.0 0.0 100.0 arm1
259.3672933261054 -36.82318624375128 11.850550307803294 -6.685235505903222 -5.2635292014137 -100.54936843436322 0.0 0.0 0.0 100.0 arm1
292.62295964843025 -13.470318114021659 13.725512583026333 -2.3576417339910125 -5.150475132322479 -78.69918480289873 0.0 0.0 0.0 100.0 arm1
287.30564600124944 -19.718262305692548 13.795802564001791 -3.0840054633832064 -5.412065076434418 -86.66594237676458 0.0 0.0 0.0 100.0 arm1
264.14200001196104 -35.09388115769092 12.303504630908757 -6.137221015143084 -5.464062920917706 -97.81875753731107 0.0 0.0 0.0 100.0 arm1
178.99492391399463 -17.160198004585325 3.175534564313268 -9.65827926921662 -4.458042951909915 15.796786699319846 0.0 0.0 0.0 100.0 arm1
294.5461860789674 -10.836432951279395 13.560562667971615 -2.0876194450028054 -5.043667070701144 -73.12506982609311 0.0 0.0 0.0 100.0 arm1
292.472472865688 -13.797002911493259 13.679294369095809 -2.3935360428381878 -5.193658606521728 -78.88531481562833 0.0 0.0 0.0 100.0 arm1
256.4716579674205 -37.733310552998745 11.654090257809282 -6.901566843540117 -5.0567639413480014 -101.19675885270006 0.0 0.0 0.0 100.0 arm1
210.8670026743554 -39.15701644370633 7.242765268267442 -8.955125029279285 -2.194834137495012 -28.190515998967157 0.0 0.0 0.0 100.0 arm1
294.23376082628175 -11.244121654655727 13.584576231105766 -2.1258274004454383 -5.070593899817647 -73.28671526025269 0.0 0.0 0.0 100.0 arm1
274.09105376930967 -30.165755620592154 13.124847708681887 -4.856938749318477 -5.656740774136189 -93.88829311274466 0.0 0.0 0.0 100.0 arm1
275.2763410315875 -29.29991111966965 13.215197064565528 -4.70040178157675 -5.648957722917836 -93.40493230232049 0.0 0.0 0.0 100.0 arm1
270.1992154012411 -32.34932533665818 12.789187713902232 -5.399357980190579 -5.643784603566617 -95.02345524633267 0.0 0.0 0.0 100.0 arm1
284.549765276281 -22.38520750896887 13.716270898647116 -3.443201111743666 -5.508443897970126 -88.00036315108387 0.0 0.0 0.0 100.0 arm1
288.9028653893759 -18.262345250831054 13.765370245252765 -2.8953657973470563 -5.3986123705721125 -85.60469552517782 0.0 0.0 0.0 100.0 arm1
286.21401182734326 -20.73159783767848 13.801500624076796 -3.2055282554210374 -5.428490419789078 -87.0880407532438 0.0 0.0 0.0 100.0 arm1
242.70656281788337 -40.41354137643176 10.375852662864785 -7.8687372764387 -4.084262015812325 -95.78414697860538 0.0 0.0 0.0 100.0 arm1
289.79161660426973 -16.931669969147453 13.832100814006413 -2.741239677847216 -5.277959335577428 -83.69580103207792 0.0 0.0 0.0 100.0 arm1
290.33573678246745 -16.31743932325131 13.834128076545777 -2.666806339630081 -5.245830459447808 -82.59573058855267 0.0 0.0 0.0 100.0 arm1
280.7631129077939 -26.050047296228865 13.512191362569764 -3.9746198649757796 -5.671532447775222 -90.40338292819587 0.0 0.0 0.0 100.0 arm1
250.59911395109305 -39.153382745274165 11.144148185780875 -7.333023185656486 -4.645336932940432 -103.15771115617456 0.0 0.0 0.0 100.0 arm1
201.64469844481906 -35.3195404269516 5.880796446372656 -9.330266264996355 -1.776225505821946 -18.26924632152825 0.0 0.0 0.0 100.0 arm1
258.17213339882625 -36.93045981858253 11.814610303771849 -6.745556020850891 -5.1756889353034605 -101.0954154527312 0.0 0.0 0.0 100.0 arm1
294.4122965751619 -10.981438830277657 13.568568903129849 -2.101264023214517 -5.062829761619396 -73.09452979748 0.0 0.0 0.0 100.0 arm1
294.15739382486515 -11.325517927350871 13.598052139689422 -2.1332266895777283 -5.067224403199583 -73.31180527237439 0.0 0.0 0.0 100.0 arm1
286.9172492144154 -19.964920565535483 13.862929203025669 -3.1094590919901504 -5.3655781381407515 -86.67537465216729 0.0 0.0 0.0 100.0 arm1
219.68016336509555 -40.28296772726922 8.28830486549568 -8.67555152660933 -2.302088568916298 -40.181183585399346 0.0 0.0 0.0 100.0 arm1
246.5868826114075 -39.92784586694773 10.74274090919236 -7.703536859570243 -4.387945158858274 -94.9643508817596 0.0 0.0 0.0 100.0 arm1
257.2490702012148 -37.28746237152759 11.703655987426233 -6.864764787439695 -5.136892775593808 -100.32436138001356 0.0 0.0 0.0 100.0 arm1
276.742298248214 -28.223683642271443 13.439672132664 -4.415610398134168 -5.546565538013787 -93.8321810934894 0.0 0.0 0.0 100.0 arm1
294.227411646244 -11.408324888968679 13.62141413326021 -2.133942794407705 -5.0738945053531115 -74.56943407984988 0.0 0.0 0.0 100.0 arm1
291.82229482776637 -14.552006806286592 13.77772921787388 -2.464193647742448 -5.184626426359951 -79.95816310960937 0.0 0.0 0.0 100.0 arm1
290.78194502148904 -15.712518756980565 13.8511238983124 -2.5889771843161045 -5.2080049701185755 -81.64357067740325 0.0 0.0 0.0 100.0 arm1
289.5829422446829 -17.14565351497843 13.796786624178395 -2.7762439679232944 -5.308667218912918 -84.27303769238402 0.0 0.0 0.0 100.0 arm1
290.0806295326419 -16.75674847169693 13.812308862715318 -2.7030379790131613 -5.291296252647876 -83.21001674265389 0.0 0.0 0.0 100.0 arm1
293.50935099206606 -12.272452138379633 13.66422390043657 -2.2210528095519724 -5.099947575903682 -75.32827330934077 0.0 0.0 0.0 100.0 arm1
287.69826245006465 -19.28300196288773 13.806918006417336 -3.029433486417024 -5.38721146985491 -86.31392935786272 0.0 0.0 0.0 100.0 arm1
295.6577480317409 -8.976147313941738 13.414748820989878 -1.9132380057050407 -4.988499347222412 -69.22462757479127 0.0 0.0 0.0 100.0 arm1
286.91061488842615 -20.212543760025817 13.813950197293948 -3.1218608448782614 -5.424104596967407 -87.01516235406724 0.0 0.0 0.0 100.0 arm1
269.16137196797644 -32.58566169106207 12.789990813914129 -5.467187358162503 -5.558937898349772 -96.8513636204825 0.0 0.0 0.0 100.0 arm1
263.8994907763935 -35.087344538004345 12.35973804735557 -6.029871540387758 -5.388726390178082 -101.69826791899183 0.0 0.0 0.0 100.0 arm1
267.59714521919 -33.786501582505196 12.55432599804696 -5.7502691436190005 -5.595331860303119 -95.88601618408137 0.0 0.0 0.0 100.0 arm1
277.38236207026466 -28.017978387425536 13.310618342772305 -4.446477719544634 -5.6763734895806195 -92.08126599984841 0.0 0.0 0.0 100.0 arm1
271.0883156458245 -32.06266241906355 12.858662110202204 -5.285471568546997 -5.6648807733236515 -94.35262234502723 0.0 0.0 0.0 100.0 arm1
240.4568048996464 -40.40108567805447 10.169335531180245 -8.020479745881453 -3.988417762356569 -89.55665860511915 0.0 0.0 0.0 100.0 arm1
229.0893118916048 -41.02579185239477 9.046814162233941 -8.463779305796773 -2.9761737663512173 -71.05994349552358 0.0 0.0 0.0 100.0 arm1
286.5025905545907 -20.474744102101358 13.751962059182851 -3.20257412338766 -5.452178021480024 -87.21174355238043 0.0 0.0 0.0 100.0 arm1
287.0378131210477 -20.54802692586801 13.725292243111447 -3.127967307798396 -5.545945153799791 -87.29757962146508 0.0 0.0 0.0 100.0 arm1
290.42249967633205 -16.052013425363338 13.77452603769429 -2.654991536619941 -5.265002298108399 -82.40034878683468 0.0 0.0 0.0 100.0 arm1
284.5032579852413 -22.26857086963218 13.687408178107253 -3.481893306377565 -5.518552610582369 -89.05726805770666 0.0 0.0 0.0 100.0 arm1
268.7492344337075 -33.034829906601686 12.678563901329277 -5.583444584868 -5.611796373155039 -95.7307463598051 0.0 0.0 0.0 100.0 arm1
288.1649780741547 -18.757248730309477 13.796072256029703 -2.974051670100461 -5.374847385338234 -85.88651630768835 0.0 0.0 0.0 100.0 arm1
263.95755235810526 -35.10838628392612 12.303978839261951 -6.146348476171887 -5.448373503198905 -98.14275633536788 0.0 0.0 0.0 100.0 arm1
262.07538762138756 -35.83963098090824 12.136471218609877 -6.365700762758615 -5.373900049613473 -98.6860417004644 0.0 0.0 0.0 100.0 arm1
291.3253381470674 -15.197815315691802 13.763143157549699 -2.524604316355856 -5.2276857513701165 -79.79993885357956 0.0 0.0 0.0 100.0 arm1
291.97184916988283 -14.298973091171105 13.773231624648377 -2.443824460827854 -5.174593854452915 -79.92749305660642 0.0 0.0 0.0 100.0 arm1
295.4061285422396 -9.469855894421864 13.469059867829301 -1.954798841832537 -5.000912909669719 -70.2541456183148 0.0 0.0 0.0 100.0 arm1
270.5163176686507 -32.0348226267916 12.8614133452061 -5.322374837386801 -5.613769717344596 -95.71490285429104 0.0 0.0 0.0 100.0 arm1
287.86987574137527 -19.14480282796178 13.812072541851213 -2.9952265917109355 -5.38404974369572 -85.70473217510167 0.0 0.0 0.0 100.0 arm1
272.7102399399997 -31.531110276908198 12.924221895926616 -5.092849530680298 -5.704276210850692 -92.7187414837938 0.0 0.0 0.0 100.0 arm1
289.7639107604952 -17.0152513920554 13.829213773905296 -2.7335938976463083 -5.2845435317383185 -83.2189320859733 0.0 0.0 0.0 100.0 arm1
293.95451952192184 -11.647021623410106 13.637909580124015 -2.164748448879773 -5.073423955007103 -74.86213610748013 0.0 0.0 0.0 100.0 arm1
288.2090526342037 -18.69310939547936 13.846723668322563 -2.9521772220653295 -5.341067507456875 -85.55118690721675 0.0 0.0 0.0 100.0 arm1
292.17036232590607 -13.982511048239775 13.782233172024094 -2.403411961569857 -5.1519364396657235 -79.09354527309765 0.0 0.0 0.0 100.0 arm1
288.9160295522907 -17.768391985593933 13.943815129830352 -2.8141624360708484 -5.238719574650428 -84.09575017359977 0.0 0.0 0.0 100.0 arm1
291.16952121858145 -15.41724327366818 13.753798103928832 -2.5777498162219072 -5.243162136913699 -82.17929017427286 0.0 0.0 0.0 100.0 arm1
280.2112022466177 -25.908551884055626 13.487207051404862 -4.058587565885143 -5.631691333177978 -91.02100736014671 0.0 0.0 0.0 100.0 arm1
243.05734701695044 -40.46710254868108 10.40938586017606 -7.836755423599248 -4.076453012504617 -97.37604270125765 0.0 0.0 0.0 100.0 arm1
282.5467074356452 -23.99626143358881 13.637147204571349 -3.719464592212155 -5.54757738552078 -89.85185587553761 0.0 0.0 0.0 100.0 arm1
246.0610932071469 -40.03322637576388 10.699973999695546 -7.712906614716097 -4.330955146322379 -96.00157994129862 0.0 0.0 0.0 100.0 arm1
294.9677020174181 -10.002958062310588 13.497402767377068 -2.014847453783676 -5.0278176186631285 -71.69590932414542 0.0 0.0 0.0 100.0 arm1
273.8114359676952 -30.277442489094682 13.085821154480165 -4.898998472836715 -5.661003896690754 -94.19229114779313 0.0 0.0 0.0 100.0 arm1
293.50271078701206 -12.257886952644515 13.76131609989101 -2.171805671390966 -5.08564977243397 -75.74758642839039 0.0 0.0 0.0 100.0 arm1
252.19210128218234 -38.793074185662604 11.27209660911123 -7.280364281399872 -4.78753908986984 -99.75837180511897 0.0 0.0 0.0 100.0 arm1
282.7180087203305 -23.87065029809744 13.76148239310198 -3.639918856921607 -5.480766913866866 -90.18487283338413 0.0 0.0 0.0 100.0 arm1
273.9436209994165 -29.940109548233757 13.073299639805855 -4.906432305060584 -5.676146710493508 -93.98920022905867 0.0 0.0 0.0 100.0 arm1
274.00467434163414 -30.08065396493994 13.110078439024264 -4.879316839389786 -5.658602333068997 -93.90771302010263 0.0 0.0 0.0 100.0 arm1
220.51974402769443 -40.24510742544924 8.110571174467832 -8.71571237268807 -2.4585267304044267 -57.59167657338118 0.0 0.0 0.0 100.0 arm1
275.47663619654094 -29.356262693016355 13.186413183480648 -4.700687145672278 -5.687475015118618 -92.80342468542091 0.0 0.0 0.0 100.0 arm1
283.4788510241146 -22.88968229126624 13.953203045964003 -3.463015280675565 -5.321137097700774 -89.1358681740819 0.0 0.0 0.0 100.0 arm1
289.18265941038334 -18.20682696494624 13.788684513388246 -2.807251257564797 -5.435671956250829 -85.5670688404729 0.0 0.0 0.0 100.0 arm1
288.29711905211565 -18.811958953795138 13.805865949360584 -2.955227281829844 -5.386941189045883 -85.77984921474001 0.0 0.0 0.0 100.0 arm1
279.9265178825064 -26.06668355080135 13.521938736098008 -4.070012568127144 -5.599599495186268 -91.44631646881862 0.0 0.0 0.0 100.0 arm1
292.7938754384505 -13.25340761453878 13.719430182251632 -2.332731698259997 -5.140753378056057 -78.30838298952763 0.0 0.0 0.0 100.0 arm1
286.03969953889657 -20.954111226192353 13.779940901083618 -3.24551890207728 -5.45107634930986 -87.62389569692216 0.0 0.0 0.0 100.0 arm1
283.60997232430094 -23.476616996238153 13.67154043272705 -3.5848249045285985 -5.5773623957548 -89.51638930892649 0.0 0.0 0.0 100.0 arm1
261.0421275170387 -35.67132427039218 12.089141262486718 -6.402114753868221 -5.316279339971367 -103.14038967858598 0.0 0.0 0.0 100.0 arm1
289.69294369334324 -17.019774514058057 13.807801927224169 -2.7644451704848247 -5.292976755902973 -84.11956527446678 0.0 0.0 0.0 100.0 arm1
