src/trackstream/data/Pal_11_ex.ecsv
# %ECSV 1.0
# ---
# datatype:
# - {name: coord.ra, unit: deg, datatype: float64}
# - {name: coord.dec, unit: deg, datatype: float64}
# - {name: coord.distance, unit: kpc, datatype: float64}
# - {name: coord.pm_ra_cosdec, unit: mas / yr, datatype: float64}
# - {name: coord.pm_dec, unit: mas / yr, datatype: float64}
# - {name: coord.radial_velocity, unit: km / s, datatype: float64}
# - {name: x_err, unit: kpc, datatype: float64}
# - {name: y_err, unit: kpc, datatype: float64}
# - {name: z_err, unit: kpc, datatype: float64}
# - {name: Pmemb, unit: '%', datatype: float64}
# - {name: tail, datatype: string}
# meta: !!omap
# - origin: !astropy.coordinates.sky_coordinate.SkyCoord
#     dec: !astropy.coordinates.Latitude
#       unit: &id001 !astropy.units.Unit {unit: deg}
#       value: -8.0072
#     distance: !astropy.units.Quantity
#       unit: &id002 !astropy.units.Unit {unit: kpc}
#       value: 13.4
#     frame: icrs
#     pm_dec: !astropy.units.Quantity
#       unit: &id003 !astropy.units.Unit {unit: mas / yr}
#       value: -4.934
#     pm_ra_cosdec: !astropy.units.Quantity
#       unit: &id004 !astropy.units.Unit {unit: mas / yr}
#       value: -1.821
#     ra: !astropy.coordinates.Longitude
#       unit: *id001
#       value: 296.31
#       wrap_angle: &id005 !astropy.coordinates.Angle
#         unit: *id001
#         value: 360.0
#     radial_velocity: !astropy.units.Quantity
#       unit: &id006 !astropy.units.Unit {unit: km / s}
#       value: -67.6
#     representation_type: spherical
# - __serialized_columns__:
#     Pmemb:
#       __class__: astropy.units.quantity.Quantity
#       unit: !astropy.units.Unit {unit: '%'}
#       value: !astropy.table.SerializedColumn {name: Pmemb}
#     coord:
#       __class__: astropy.coordinates.sky_coordinate.SkyCoord
#       dec: !astropy.table.SerializedColumn
#         __class__: astropy.coordinates.angles.Latitude
#         unit: *id001
#         value: !astropy.table.SerializedColumn {name: coord.dec}
#       distance: !astropy.table.SerializedColumn
#         __class__: astropy.coordinates.distances.Distance
#         unit: *id002
#         value: !astropy.table.SerializedColumn {name: coord.distance}
#       frame: icrs
#       pm_dec: !astropy.table.SerializedColumn
#         __class__: astropy.units.quantity.Quantity
#         unit: *id003
#         value: !astropy.table.SerializedColumn {name: coord.pm_dec}
#       pm_ra_cosdec: !astropy.table.SerializedColumn
#         __class__: astropy.units.quantity.Quantity
#         unit: *id004
#         value: !astropy.table.SerializedColumn {name: coord.pm_ra_cosdec}
#       ra: !astropy.table.SerializedColumn
#         __class__: astropy.coordinates.angles.Longitude
#         unit: *id001
#         value: !astropy.table.SerializedColumn {name: coord.ra}
#         wrap_angle: *id005
#       radial_velocity: !astropy.table.SerializedColumn
#         __class__: astropy.units.quantity.Quantity
#         unit: *id006
#         value: !astropy.table.SerializedColumn {name: coord.radial_velocity}
#       representation_type: spherical
#     x_err:
#       __class__: astropy.units.quantity.Quantity
#       unit: *id002
#       value: !astropy.table.SerializedColumn {name: x_err}
#     y_err:
#       __class__: astropy.units.quantity.Quantity
#       unit: *id002
#       value: !astropy.table.SerializedColumn {name: y_err}
#     z_err:
#       __class__: astropy.units.quantity.Quantity
#       unit: *id002
#       value: !astropy.table.SerializedColumn {name: z_err}
# schema: astropy-2.0
coord.ra coord.dec coord.distance coord.pm_ra_cosdec coord.pm_dec coord.radial_velocity x_err y_err z_err Pmemb tail
[from data line 351]
229.52418735322016 -28.73319146664133 5.298442506527517 -0.9284838087777314 0.08763567381395954 -130.67932244851906 0.0 0.0 0.0 100.0 arm2
298.84695586375585 10.33591698758078 8.673321854501438 0.3581242062232104 -4.7158359250696025 7.145078529723719 0.0 0.0 0.0 100.0 arm2
294.1089856142834 12.19311357922686 7.212899397896016 1.4196364797043775 -4.562562711597434 22.02316098300254 0.0 0.0 0.0 100.0 arm2
300.6700148094305 5.816178612398017 10.561698328576972 -0.5118576475467445 -4.718101715835324 -16.94960338378136 0.0 0.0 0.0 100.0 arm2
300.3634511238969 6.19171040367211 10.363564633456471 -0.42939537681340756 -4.753856668053725 -12.127695477128015 0.0 0.0 0.0 100.0 arm2
300.40050922701136 5.689788310417401 10.553792000839051 -0.5126724332526997 -4.747339990297115 -17.445321009607955 0.0 0.0 0.0 100.0 arm2
300.4443249165487 5.3656586170551215 10.75898092077377 -0.5546437136553666 -4.739743086338972 -19.861166614128738 0.0 0.0 0.0 100.0 arm2
298.01012444248016 -4.830286031709526 13.081269576449063 -1.5468472561490074 -4.829069221533173 -59.59953603307703 0.0 0.0 0.0 100.0 arm2
300.20293638636394 1.801702299714919 11.716009613353513 -0.9487834510177064 -4.7402753028869 -33.846203413952665 0.0 0.0 0.0 100.0 arm2
297.8858357719991 -4.917275182352591 13.096753963877497 -1.5584360784735025 -4.825539849906195 -60.14692276935034 0.0 0.0 0.0 100.0 arm2
268.5192586788259 4.562928390191563 4.4865951561395105 4.912977461527735 -1.4336195475949407 -14.92027007332549 0.0 0.0 0.0 100.0 arm2
297.3867386408567 11.373582091334976 8.333746333477785 0.5932550308144147 -4.702147051349674 7.922218310352115 0.0 0.0 0.0 100.0 arm2
298.47118090128157 -4.29697618260135 12.900422854577736 -1.5515683273471859 -4.820748252340436 -58.92463997231013 0.0 0.0 0.0 100.0 arm2
297.7130076959408 -5.465413709086274 13.181707806689387 -1.6029876958439893 -4.846826216946195 -62.26759658324511 0.0 0.0 0.0 100.0 arm2
299.93593528485263 -0.0350016053198801 12.126819770921683 -1.1361641537188722 -4.755239344972406 -42.43535537852922 0.0 0.0 0.0 100.0 arm2
248.43244031902154 -10.866547744669871 4.235778175848566 3.455739183185824 0.41169854741986933 -87.15529954783685 0.0 0.0 0.0 100.0 arm2
300.41155265339506 3.7797199090765266 11.142762982722527 -0.7428730407712616 -4.739844375255018 -25.600011714152483 0.0 0.0 0.0 100.0 arm2
300.7354085578156 4.907096972864108 10.894480745554237 -0.6370615337576335 -4.728118254585031 -23.903743158730304 0.0 0.0 0.0 100.0 arm2
300.3524754550289 1.9235789638655383 11.689238366536081 -0.948259281960226 -4.73776208841539 -34.88544129461816 0.0 0.0 0.0 100.0 arm2
297.78800704328114 -5.513539320923376 13.129637428239855 -1.6182479398917813 -4.83992650383966 -61.76856485152395 0.0 0.0 0.0 100.0 arm2
296.4847589500521 -7.812306074997693 13.46292531984871 -1.8019973864475427 -4.9070177030819995 -68.0281954558161 0.0 0.0 0.0 100.0 arm2
300.56734964192975 5.510358345743748 10.592732476644208 -0.5354903724855515 -4.739134653207846 -17.294640984650542 0.0 0.0 0.0 100.0 arm2
297.85718952536735 -5.095875880858936 13.032959075400623 -1.5551104140992322 -4.829289791406877 -56.246712921536215 0.0 0.0 0.0 100.0 arm2
299.9324812125906 1.1464696307170779 11.942156840836086 -1.0075157587627028 -4.737639140227575 -36.36050326094542 0.0 0.0 0.0 100.0 arm2
298.1164629825675 10.282972048061746 8.617664636445978 0.412196057099518 -4.74701426960614 9.443302340232087 0.0 0.0 0.0 100.0 arm2
300.37929621109635 4.66417762943499 10.912197326689727 -0.634799793057577 -4.746692497874247 -21.586374683311107 0.0 0.0 0.0 100.0 arm2
298.8512721672188 -3.2496857739398703 12.86990052301822 -1.4135645101934893 -4.779481952093816 -56.49494986048579 0.0 0.0 0.0 100.0 arm2
298.62479526063197 9.22522114912707 9.053064952200616 0.16999102060520643 -4.76979294802898 6.76754384800504 0.0 0.0 0.0 100.0 arm2
297.855348972886 10.622465037215388 8.463771729567844 0.4969083151441267 -4.7330648603276995 9.721418174604024 0.0 0.0 0.0 100.0 arm2
296.61639511143824 11.359301237158103 8.163912570300294 0.7111557147685845 -4.712344418762006 13.270005876458107 0.0 0.0 0.0 100.0 arm2
300.0579982631828 8.132690201928606 9.671053320424713 -0.1545458878726229 -4.7295268317357255 -3.602839975480176 0.0 0.0 0.0 100.0 arm2
296.74444933561904 -7.271936473712533 13.396769272381675 -1.7564463038123033 -4.894827707423048 -66.95164498377699 0.0 0.0 0.0 100.0 arm2
299.6891162781766 -0.5943105672973412 12.29416296783773 -1.1737069412005587 -4.761258813684521 -44.68936230031359 0.0 0.0 0.0 100.0 arm2
299.22572683720574 8.81084007956716 9.377359236305844 0.013507824866174634 -4.76362974971695 -0.2949094736907938 0.0 0.0 0.0 100.0 arm2
300.4655708873411 3.8823001916830746 11.17568766972782 -0.7493424804467474 -4.751259340820863 -29.01817973606204 0.0 0.0 0.0 100.0 arm2
300.2319403895761 1.876901812069056 11.696645812070598 -0.9440992386543001 -4.739960628343793 -33.59480880471414 0.0 0.0 0.0 100.0 arm2
299.09881943736093 -2.303758596409891 12.64269071794828 -1.3271313042663786 -4.784351134695113 -51.259005515704196 0.0 0.0 0.0 100.0 arm2
223.92879512294465 -40.23209629091076 7.463583780715621 -4.085266648908073 -0.14907938888857686 -136.41689149613288 0.0 0.0 0.0 100.0 arm2
298.5382366494868 -4.019639944687256 13.000873269298223 -1.4835417182536021 -4.792590598671305 -59.10571672093056 0.0 0.0 0.0 100.0 arm2
300.3601877534241 2.4594573160463495 11.53799148210556 -0.8917140921826487 -4.728697937960855 -31.53875868533756 0.0 0.0 0.0 100.0 arm2
295.4116355896619 12.155437096306246 7.488380703345452 1.181693563597212 -4.6114891006109415 18.42027526797915 0.0 0.0 0.0 100.0 arm2
300.50748282135487 3.6695657998301083 11.171996141525616 -0.7553932051155332 -4.739207340499785 -25.92000251117943 0.0 0.0 0.0 100.0 arm2
296.44991178080073 -7.32978649352952 13.390307006374433 -1.7812139511880192 -4.892493819946414 -67.54341935759382 0.0 0.0 0.0 100.0 arm2
299.1602725436307 -2.2162420863858276 12.625183433339723 -1.318123506262368 -4.77874595923344 -50.8564002716606 0.0 0.0 0.0 100.0 arm2
298.13336193925323 -4.860986759868987 13.039011447266223 -1.5531824288745892 -4.830455149026241 -59.765910945174866 0.0 0.0 0.0 100.0 arm2
295.8198505049232 12.08390382869597 7.859809712022015 0.9403468235645416 -4.669313702711321 14.597823260226624 0.0 0.0 0.0 100.0 arm2
299.3153544143736 -1.6074030451840764 12.5168040995514 -1.2625886982851968 -4.769659657646232 -48.21288173220783 0.0 0.0 0.0 100.0 arm2
275.9678300539621 8.09158524003016 4.8214218004938365 4.518790155769354 -2.5005125179466425 5.499116218882573 0.0 0.0 0.0 100.0 arm2
298.1483413900303 -4.792870791544177 13.097879557279676 -1.5309113331377822 -4.815497874390545 -59.73345638979028 0.0 0.0 0.0 100.0 arm2
300.706917205706 4.624889652138174 10.97127197742746 -0.6694415149969746 -4.730064004936638 -24.80267805467904 0.0 0.0 0.0 100.0 arm2
278.45483637676904 9.360944911259377 5.106185898251925 4.072229674793987 -2.9509826553520027 14.463172825298056 0.0 0.0 0.0 100.0 arm2
299.89172318472436 8.561915071686148 9.943343117427881 -0.22412263579562053 -4.7516973314338875 -18.184378731604802 0.0 0.0 0.0 100.0 arm2
300.5839938867522 4.440420227846402 11.04109947365605 -0.671662387025483 -4.7319870966753514 -24.599223303886394 0.0 0.0 0.0 100.0 arm2
299.0823498637317 -2.3881518874631036 12.654792160156871 -1.332296237533689 -4.784777144837068 -51.43219543189984 0.0 0.0 0.0 100.0 arm2
296.2268375918278 -7.6122923551136505 13.435619842265027 -1.7947158771584864 -4.901640071910074 -67.54307372371636 0.0 0.0 0.0 100.0 arm2
297.5540462417196 10.990735751172146 8.274769395817387 0.6110049260001882 -4.715632739544086 11.635601957197425 0.0 0.0 0.0 100.0 arm2
297.7862742371428 -5.2437374764303994 13.160682684278234 -1.585440401230947 -4.841764676201691 -61.73956830200843 0.0 0.0 0.0 100.0 arm2
275.3808475340588 7.441570067808729 4.778985739902262 4.6081291032210405 -2.4010824362298906 3.9116252468916564 0.0 0.0 0.0 100.0 arm2
300.3427186832402 3.7339384070831056 11.211148175220316 -0.7618556691241722 -4.729522982239066 -24.827017548936308 0.0 0.0 0.0 100.0 arm2
229.04805937691646 -29.167651635558617 5.407288971105047 -1.2819238446632188 0.28105683748811705 -131.24975590897057 0.0 0.0 0.0 100.0 arm2
298.91399539418825 10.067433545578163 8.974870407402168 0.21643956497442618 -4.739714666332765 0.8598980740667201 0.0 0.0 0.0 100.0 arm2
300.23840615457146 1.4364752338822024 11.788877891554712 -0.9942029451921528 -4.7323064220845446 -35.61085196406378 0.0 0.0 0.0 100.0 arm2
300.2537638042542 1.4851099937334202 11.827199995346216 -0.9928576783580867 -4.741315237306913 -37.720490773665105 0.0 0.0 0.0 100.0 arm2
298.7610711017257 9.852382808158964 8.743377188583612 0.3120872270414665 -4.741988322628499 8.154554596143896 0.0 0.0 0.0 100.0 arm2
262.7687336557935 1.4301231694582903 4.37024636616787 4.828360588316769 -0.7439727601579045 -27.936892755937457 0.0 0.0 0.0 100.0 arm2
300.8354923956325 5.757355906275783 10.704061673222565 -0.5616672525155344 -4.6849878495396675 -20.11089129334333 0.0 0.0 0.0 100.0 arm2
275.66138646239216 9.059944135463226 4.797456576545563 4.484180628306804 -2.3538317739779386 -0.4547018442477935 0.0 0.0 0.0 100.0 arm2
300.16791361765536 6.255958128422878 10.333214783010002 -0.4147947216053025 -4.7502844548508785 -11.515141040113768 0.0 0.0 0.0 100.0 arm2
297.33764321714364 -6.357182278869773 13.33211182663255 -1.6726580496882337 -4.848799341849128 -65.36199402398144 0.0 0.0 0.0 100.0 arm2
297.20540837050356 -6.503097125082294 13.30240950528455 -1.6883881627951873 -4.872633588520874 -64.61905456374541 0.0 0.0 0.0 100.0 arm2
297.0374256199534 -6.788334437559653 13.336086750482687 -1.7206438739997236 -4.873561995008955 -65.53219636046842 0.0 0.0 0.0 100.0 arm2
298.03439068332995 -5.173843187296093 13.175317073782137 -1.561835742998654 -4.861762453290127 -63.31805864508135 0.0 0.0 0.0 100.0 arm2
300.26302893227137 2.8945955803756167 11.449493739610732 -0.8319913646244659 -4.74208805823525 -29.29101834636013 0.0 0.0 0.0 100.0 arm2
251.68343657910762 -7.430693288887589 4.196237732208058 3.928193409230366 0.3532971516424117 -74.29306268176406 0.0 0.0 0.0 100.0 arm2
288.914831679874 12.3108027651446 6.176466181175203 2.500900889006414 -4.125359445616775 24.04272346250246 0.0 0.0 0.0 100.0 arm2
299.3174079296243 -1.86624584814189 12.512834024276652 -1.3084864619268295 -4.758693602258122 -48.51534117780065 0.0 0.0 0.0 100.0 arm2
299.3611760289379 8.602736786698953 9.246573175232367 0.0447566174554912 -4.7592364095119635 3.688761248036883 0.0 0.0 0.0 100.0 arm2
295.55429184848566 11.899695534148059 7.690543213266031 1.0338342795556075 -4.647698938626695 16.907577175058535 0.0 0.0 0.0 100.0 arm2
299.37759038165376 -1.4788665603465851 12.47558075858997 -1.2539337890855613 -4.770452641921938 -48.08813578875485 0.0 0.0 0.0 100.0 arm2
296.8400839354842 10.87638115195812 8.120313544774831 0.7122071571240813 -4.724413268592836 16.703650442824184 0.0 0.0 0.0 100.0 arm2
292.1365151053432 12.790838723702942 6.833358481636996 1.7789892972614512 -4.420519684057227 21.228529780971204 0.0 0.0 0.0 100.0 arm2
297.74341532635003 11.091357094739235 8.51325855247364 0.4926328547313312 -4.724673043936599 6.758952973413633 0.0 0.0 0.0 100.0 arm2
283.07141436786566 10.73685951671928 5.374450883563389 3.619877328453597 -3.440962806005937 19.583373114960814 0.0 0.0 0.0 100.0 arm2
299.2374002692726 -2.603632485180039 12.751433642053732 -1.3605461332029951 -4.7798118704487536 -55.24862281564867 0.0 0.0 0.0 100.0 arm2
300.37575510419805 2.7766589787553264 11.452355432384747 -0.8503874535538842 -4.741934568430333 -30.3919331804889 0.0 0.0 0.0 100.0 arm2
300.4875377294778 3.8645497212441224 11.141294419888917 -0.7296254974718979 -4.742208769252804 -24.77450810397829 0.0 0.0 0.0 100.0 arm2
295.0508816948015 11.923755192588898 7.566873883554206 1.1319229670813058 -4.63882895032984 19.16423815051322 0.0 0.0 0.0 100.0 arm2
298.97679123927225 -2.7608752279301165 12.776034782337696 -1.3677288343757743 -4.769038777670729 -53.68191594903882 0.0 0.0 0.0 100.0 arm2
291.904126659234 12.529510699727558 6.67025227106159 1.9352977308721053 -4.385832391382945 23.453256404852887 0.0 0.0 0.0 100.0 arm2
300.0413832431693 7.8495521499802505 9.803485545022193 -0.196819307287194 -4.748854729244803 -7.070659966792295 0.0 0.0 0.0 100.0 arm2
294.8281481248462 12.319895076087603 7.376214907537091 1.2808590366063504 -4.586143933803266 19.110838649528525 0.0 0.0 0.0 100.0 arm2
266.81214567852425 4.161541634690855 4.506969404467292 4.803531106299789 -1.2845811874756052 -14.97330916969441 0.0 0.0 0.0 100.0 arm2
298.5487681098216 9.99011375439039 8.66922426170639 0.3582597147404232 -4.745161385586263 8.783528349089849 0.0 0.0 0.0 100.0 arm2
300.4284074700793 6.0519082773983826 10.428808215466463 -0.46108330712130297 -4.745775484770397 -15.095861501792907 0.0 0.0 0.0 100.0 arm2
299.94391673164193 0.27628927416801824 12.114938758033574 -1.1032979620711354 -4.752609733741824 -42.284085464895256 0.0 0.0 0.0 100.0 arm2
299.29591776981465 9.965826239713792 8.796759830804433 0.28179187629775115 -4.713757323828912 7.133300798538798 0.0 0.0 0.0 100.0 arm2
299.44268303771173 -1.3324641637248225 12.452799012973337 -1.2400174990349826 -4.765900292064715 -47.36675971424252 0.0 0.0 0.0 100.0 arm2
300.171369118328 1.0231639497526617 11.93144116148357 -1.0268880439354728 -4.735684448182559 -37.73999890446851 0.0 0.0 0.0 100.0 arm2
287.54897524494567 12.572087297496584 5.942902304120454 2.7882369414305592 -3.9672768317439875 21.61186152004145 0.0 0.0 0.0 100.0 arm2
300.3168012145639 2.477903561549067 11.544125007069537 -0.8812483776997435 -4.745338091515276 -32.037536886882506 0.0 0.0 0.0 100.0 arm2
244.83236004592024 -52.07301412329085 13.673096464924939 -4.288801899051886 -2.3379249100287205 -34.27509801700024 0.0 0.0 0.0 100.0 arm2
298.70246730747147 -3.211877207412593 12.795275529669059 -1.401633873478603 -4.806786189968827 -54.87045281584966 0.0 0.0 0.0 100.0 arm2
300.61052252892574 2.8202080500435516 11.310660951323504 -0.8447334287461523 -4.718684376943667 -25.98325528511147 0.0 0.0 0.0 100.0 arm2
299.1406163752784 -2.5459433161509963 12.65130181817873 -1.3524596325543194 -4.788539409121355 -52.130607930642284 0.0 0.0 0.0 100.0 arm2
298.3504364177278 9.89331127482466 8.704747527977101 0.3460302338448962 -4.748274162586841 8.950226349085838 0.0 0.0 0.0 100.0 arm2
300.5448040440854 3.978780964791196 11.069440483759575 -0.7205677978135374 -4.733447352014842 -23.908480585023533 0.0 0.0 0.0 100.0 arm2
293.65744185452934 12.324082917264802 7.172296122818029 1.4620184043213877 -4.5443999824774615 21.315192303688747 0.0 0.0 0.0 100.0 arm2
278.645742481035 9.2001886149195 5.082100881507126 4.118280360628637 -2.937776047713895 14.1103521944292 0.0 0.0 0.0 100.0 arm2
277.5436054594507 9.021418078541233 4.959104306789956 4.281793852202049 -2.7079255514850393 8.19988975151971 0.0 0.0 0.0 100.0 arm2
298.5246785965559 10.134026599021448 8.740301065029568 0.33275559748401773 -4.742951427726713 6.357816110376898 0.0 0.0 0.0 100.0 arm2
297.3218555607902 10.578175630542585 8.331928295768938 0.5778635909102579 -4.739818700367846 14.315444404830291 0.0 0.0 0.0 100.0 arm2
300.4605164738765 4.612680242658548 10.904251152961201 -0.6437618708238266 -4.74305344904883 -21.746695216975564 0.0 0.0 0.0 100.0 arm2
276.5924111837515 9.151247507974372 4.9259350965940545 4.30079913036419 -2.582193474614234 5.762202354943739 0.0 0.0 0.0 100.0 arm2
300.5305826719374 5.086269302139688 10.779513381903394 -0.5952266270251796 -4.7393318336898345 -20.760717208272247 0.0 0.0 0.0 100.0 arm2
298.55305381414206 9.821569183634821 8.9766232476268 0.2182188124398372 -4.747413890737838 2.9798554834602875 0.0 0.0 0.0 100.0 arm2
292.92784468580504 12.619586409956323 6.893593409320543 1.7058230180758163 -4.4606348760319 21.839463352424566 0.0 0.0 0.0 100.0 arm2
299.91234996619096 7.9433848884181515 9.73605985943589 -0.16281918573961107 -4.752354566981166 -5.495407492137378 0.0 0.0 0.0 100.0 arm2
