src/trackstream/data/Pal_5_ex.ecsv
# %ECSV 1.0
# ---
# datatype:
# - {name: coord.ra, unit: deg, datatype: float64}
# - {name: coord.dec, unit: deg, datatype: float64}
# - {name: coord.distance, unit: kpc, datatype: float64}
# - {name: coord.pm_ra_cosdec, unit: mas / yr, datatype: float64}
# - {name: coord.pm_dec, unit: mas / yr, datatype: float64}
# - {name: coord.radial_velocity, unit: km / s, datatype: float64}
# - {name: x_err, unit: kpc, datatype: float64}
# - {name: y_err, unit: kpc, datatype: float64}
# - {name: z_err, unit: kpc, datatype: float64}
# - {name: Pmemb, unit: '%', datatype: float64}
# - {name: tail, datatype: string}
# meta: !!omap
# - origin: !astropy.coordinates.sky_coordinate.SkyCoord
#     dec: !astropy.coordinates.Latitude
#       unit: &id001 !astropy.units.Unit {unit: deg}
#       value: -0.1116
#     distance: !astropy.units.Quantity
#       unit: &id002 !astropy.units.Unit {unit: kpc}
#       value: 23.2
#     frame: icrs
#     pm_dec: !astropy.units.Quantity
#       unit: &id003 !astropy.units.Unit {unit: mas / yr}
#       value: -2.646
#     pm_ra_cosdec: !astropy.units.Quantity
#       unit: &id004 !astropy.units.Unit {unit: mas / yr}
#       value: -2.736
#     ra: !astropy.coordinates.Longitude
#       unit: *id001
#       value: 229.021
#       wrap_angle: &id005 !astropy.coordinates.Angle
#         unit: *id001
#         value: 360.0
#     radial_velocity: !astropy.units.Quantity
#       unit: &id006 !astropy.units.Unit {unit: km / s}
#       value: -58.6
#     representation_type: spherical
# - __serialized_columns__:
#     Pmemb:
#       __class__: astropy.units.quantity.Quantity
#       unit: !astropy.units.Unit {unit: '%'}
#       value: !astropy.table.SerializedColumn {name: Pmemb}
#     coord:
#       __class__: astropy.coordinates.sky_coordinate.SkyCoord
#       dec: !astropy.table.SerializedColumn
#         __class__: astropy.coordinates.angles.Latitude
#         unit: *id001
#         value: !astropy.table.SerializedColumn {name: coord.dec}
#       distance: !astropy.table.SerializedColumn
#         __class__: astropy.coordinates.distances.Distance
#         unit: *id002
#         value: !astropy.table.SerializedColumn {name: coord.distance}
#       frame: icrs
#       pm_dec: !astropy.table.SerializedColumn
#         __class__: astropy.units.quantity.Quantity
#         unit: *id003
#         value: !astropy.table.SerializedColumn {name: coord.pm_dec}
#       pm_ra_cosdec: !astropy.table.SerializedColumn
#         __class__: astropy.units.quantity.Quantity
#         unit: *id004
#         value: !astropy.table.SerializedColumn {name: coord.pm_ra_cosdec}
#       ra: !astropy.table.SerializedColumn
#         __class__: astropy.coordinates.angles.Longitude
#         unit: *id001
#         value: !astropy.table.SerializedColumn {name: coord.ra}
#         wrap_angle: *id005
#       radial_velocity: !astropy.table.SerializedColumn
#         __class__: astropy.units.quantity.Quantity
#         unit: *id006
#         value: !astropy.table.SerializedColumn {name: coord.radial_velocity}
#       representation_type: spherical
#     x_err:
#       __class__: astropy.units.quantity.Quantity
#       unit: *id002
#       value: !astropy.table.SerializedColumn {name: x_err}
#     y_err:
#       __class__: astropy.units.quantity.Quantity
#       unit: *id002
#       value: !astropy.table.SerializedColumn {name: y_err}
#     z_err:
#       __class__: astropy.units.quantity.Quantity
#       unit: *id002
#       value: !astropy.table.SerializedColumn {name: z_err}
# schema: astropy-2.0
coord.ra coord.dec coord.distance coord.pm_ra_cosdec coord.pm_dec coord.radial_velocity x_err y_err z_err Pmemb tail
[from data line 116]
224.0672408466936 -4.621828776192823 22.381615653196953 -2.7832492499546686 -2.8608671820121923 -44.12449118178836 0.0 0.0 0.0 100.0 arm1
212.07958456486872 -18.119995500037955 20.0933685288829 -2.95058160010959 -3.366327514334797 2.9762551682606926 0.0 0.0 0.0 100.0 arm1
225.77180762108554 -3.132453414632841 22.54162024991936 -2.7833622420764925 -2.807266646470773 -49.0621687531966 0.0 0.0 0.0 100.0 arm1
215.90452663043774 -13.236455548386303 20.896407645594294 -2.8922098064600426 -3.200389222548875 -14.551350402538539 0.0 0.0 0.0 100.0 arm1
223.85773773954858 -4.8153337177251245 22.354273458704245 -2.7882829682598986 -2.8651359731825 -43.612644103125305 0.0 0.0 0.0 100.0 arm1
213.12738619825805 -17.3994556489288 20.188488857404415 -2.9316620666741917 -3.3706992383889114 -1.0320374690808762 0.0 0.0 0.0 100.0 arm1
214.65323999408307 -15.124766480162355 20.566821284466254 -2.9053727207018984 -3.282582065974661 -8.729688096162576 0.0 0.0 0.0 100.0 arm1
220.53261285503754 -8.137509172953807 21.828321792927863 -2.814613264744371 -3.003256753190442 -32.107740327737986 0.0 0.0 0.0 100.0 arm1
214.20559834510647 -15.42545666591087 20.50154579523032 -2.9239177061239845 -3.2885082150411433 -7.092776561692787 0.0 0.0 0.0 100.0 arm1
228.21714625162315 -1.0463028267034067 22.840117200664512 -2.775282943012062 -2.7110813782351997 -55.888454375172955 0.0 0.0 0.0 100.0 arm1
228.90981647010497 -0.3349269258287908 23.03900286394681 -2.7513450136757633 -2.6700035624906153 -58.442735369275724 0.0 0.0 0.0 100.0 arm1
225.3903074351217 -3.523473733849174 22.63484197203009 -2.7611676162497347 -2.810812577431236 -47.38685946857778 0.0 0.0 0.0 100.0 arm1
228.5255104162683 -0.7884589746387269 22.910285502395862 -2.766598340130685 -2.697594495868175 -57.14282445085206 0.0 0.0 0.0 100.0 arm1
214.71232631825376 -14.898448796191499 20.597052599713706 -2.913778257501822 -3.266980718581932 -7.954935653157605 0.0 0.0 0.0 100.0 arm1
219.6190885830216 -9.165889023841238 21.588601547310816 -2.8364203210750176 -3.048840362253316 -28.647268229655502 0.0 0.0 0.0 100.0 arm1
224.50682052352906 -4.011721534000402 22.472043238310953 -2.7928861539637455 -2.822460123199306 -46.92201842773758 0.0 0.0 0.0 100.0 arm1
220.43625441326174 -8.327839552055956 21.650134188967797 -2.843078714604988 -3.03046703288596 -32.05241312561878 0.0 0.0 0.0 100.0 arm1
225.72928959080082 -3.11259545903999 22.635799054815465 -2.769977271569942 -2.791777135987579 -49.18381142242368 0.0 0.0 0.0 100.0 arm1
219.55483143247795 -8.95699445460519 21.612913313112557 -2.8504467180591107 -3.0318459262900017 -29.753865091832687 0.0 0.0 0.0 100.0 arm1
219.5978534320099 -9.320930673386398 21.611431572515034 -2.8274837699167534 -3.0563104161840253 -28.16170688983526 0.0 0.0 0.0 100.0 arm1
229.0475914382981 -0.26344204057852466 23.054281132572378 -2.7482838130315628 -2.6650937648806146 -58.62502947227025 0.0 0.0 0.0 100.0 arm1
227.89429948304374 -1.1515876724355996 22.93209755637683 -2.7574145148941054 -2.7044639881582264 -55.52272142538932 0.0 0.0 0.0 100.0 arm1
220.1281104305674 -8.714875179759833 21.678607481140045 -2.8272191633623454 -3.0363397278677016 -30.632813398457557 0.0 0.0 0.0 100.0 arm1
225.97145390403315 -2.8107894109048077 22.68000917820625 -2.770758385779589 -2.776948006282759 -50.11461973074433 0.0 0.0 0.0 100.0 arm1
223.65510131054538 -5.037416220911958 22.309187107444295 -2.7873194276827444 -2.878808905213342 -42.794636367151845 0.0 0.0 0.0 100.0 arm1
217.015291357591 -12.075777110076691 21.07721490861368 -2.877953506641047 -3.1662322884183065 -18.706932151266464 0.0 0.0 0.0 100.0 arm1
220.74215377356012 -7.946315941010354 21.655114283010292 -2.8406236666955307 -3.023634510569054 -34.57221937601109 0.0 0.0 0.0 100.0 arm1
217.3390283421279 -11.751662757833401 21.184674556323213 -2.862175958119764 -3.1481474062047563 -19.76476463689265 0.0 0.0 0.0 100.0 arm1
216.65423955008646 -12.485851969262944 20.99546688532627 -2.8861882133326136 -3.1817477958337053 -17.088454168281153 0.0 0.0 0.0 100.0 arm1
215.2924603597577 -14.170303118055577 20.59928220540854 -2.915874645640851 -3.2659197063620944 -13.005585090888147 0.0 0.0 0.0 100.0 arm1
226.0631939541862 -2.8427311616976634 22.633941485758275 -2.7744169688256966 -2.7863195310562316 -49.74566844294162 0.0 0.0 0.0 100.0 arm1
223.5057192067602 -5.197116665435415 22.282195768075546 -2.7884787544115905 -2.885965034698975 -42.32281088068097 0.0 0.0 0.0 100.0 arm1
217.49892546479683 -11.606384942908646 21.167040508915097 -2.865282989939499 -3.151189760137773 -20.82634410867783 0.0 0.0 0.0 100.0 arm1
196.1397256658041 -37.04114085213315 17.023754638243 -3.374495231824513 -3.648872970590526 77.43299198116671 0.0 0.0 0.0 100.0 arm1
227.742000108705 -1.30628778600353 22.860349434366725 -2.7579288902008186 -2.718571928285058 -55.39034519270456 0.0 0.0 0.0 100.0 arm1
226.44557430356724 -2.4939253490537854 22.69392980216053 -2.7678917158850638 -2.764204502285203 -51.400577091504715 0.0 0.0 0.0 100.0 arm1
216.1009610783566 -13.124028313351866 20.91288876334793 -2.8855250000462727 -3.1996278608714075 -15.028780499532871 0.0 0.0 0.0 100.0 arm1
206.0558784839774 -25.716364427100537 18.615001755115664 -3.1359523819110375 -3.6152375108282326 30.117435959827077 0.0 0.0 0.0 100.0 arm1
227.94376142606583 -1.164484086407626 22.921172230769123 -2.757404277435374 -2.7071948700547095 -55.73942091350604 0.0 0.0 0.0 100.0 arm1
218.98325755866307 -9.957656040928178 21.50134721202367 -2.836043063638999 -3.08087425229984 -26.06450874751914 0.0 0.0 0.0 100.0 arm1
218.79650147282425 -10.02892888621961 21.452453089135037 -2.8476808353158667 -3.08382220462201 -25.7464139724597 0.0 0.0 0.0 100.0 arm1
218.63756089848926 -10.309133140673302 21.396552357253334 -2.847862035845443 -3.098781363202448 -25.274136175544534 0.0 0.0 0.0 100.0 arm1
223.7817460952702 -4.944494907629404 22.317224529993165 -2.786422503372801 -2.8745135421312114 -43.151890294268135 0.0 0.0 0.0 100.0 arm1
224.4699457246954 -4.368907945173915 22.47693790587223 -2.7693529138816033 -2.8472952972708185 -44.83944820218373 0.0 0.0 0.0 100.0 arm1
224.42042882308 -4.3546318751564534 22.42561438303935 -2.7817449702115087 -2.8492157043444717 -45.13529728432414 0.0 0.0 0.0 100.0 arm1
214.69367713228505 -14.856287541690174 20.567064052496395 -2.921310453003236 -3.2751594048635253 -9.269378671409484 0.0 0.0 0.0 100.0 arm1
224.44173760205143 -4.329105357565865 22.431991113184328 -2.7794481420208554 -2.847921777963478 -44.89150563045008 0.0 0.0 0.0 100.0 arm1
225.1227679232395 -3.673717241862444 22.543704734345514 -2.7725514757342933 -2.8207624832771554 -47.12521724415185 0.0 0.0 0.0 100.0 arm1
220.55152918429752 -8.080033631344268 21.80342035600772 -2.825850398382152 -3.000143415020047 -32.84754850439001 0.0 0.0 0.0 100.0 arm1
216.49636374700526 -12.777057385158265 21.005122099492862 -2.874981409726309 -3.1888334167437877 -16.147467659052438 0.0 0.0 0.0 100.0 arm1
210.5100540852426 -20.48479590079624 19.673411322050384 -2.989471445162516 -3.4558934700513344 10.770937094018777 0.0 0.0 0.0 100.0 arm1
214.19859395623138 -15.187343980557543 20.528043032460182 -2.925885857488466 -3.2695424277069978 -7.588557704186002 0.0 0.0 0.0 100.0 arm1
227.951626757811 -1.1619841666179151 22.92027140277586 -2.7571986144864407 -2.7073472400430743 -55.78083499086098 0.0 0.0 0.0 100.0 arm1
227.92029340683305 -1.1798927155082672 22.918116578125602 -2.7578474068478323 -2.7079762006620625 -55.66531449746865 0.0 0.0 0.0 100.0 arm1
223.67256900971412 -5.021625814988325 22.3502274886125 -2.785371527022095 -2.871240500507296 -42.61095488116096 0.0 0.0 0.0 100.0 arm1
205.13173139062977 -28.008614263155508 18.560465122838878 -3.1015023740602152 -3.616745822290963 40.05206167295064 0.0 0.0 0.0 100.0 arm1
212.68921349638455 -17.2725646940843 20.181836287803247 -2.9500424014135245 -3.3465836047233575 -0.7604189493275442 0.0 0.0 0.0 100.0 arm1
215.2220663229632 -14.089597122230947 20.600574888976357 -2.9309325683966514 -3.2594754190226833 -12.421571846260207 0.0 0.0 0.0 100.0 arm1
219.88936610933234 -8.555688802962244 21.678291595521742 -2.8483091001930645 -3.013906222728465 -31.100032862283513 0.0 0.0 0.0 100.0 arm1
227.43079423680018 -1.64331753710157 22.88832007359209 -2.753462866002726 -2.7268588475846793 -53.817366585615424 0.0 0.0 0.0 100.0 arm1
226.1822983060646 -2.6850981262206166 22.68168635935213 -2.7677938670344746 -2.778095230452701 -50.72503903896776 0.0 0.0 0.0 100.0 arm1
225.37789223653616 -3.48848677326039 22.59458865422984 -2.766559568801229 -2.8121057173572326 -47.72800190801638 0.0 0.0 0.0 100.0 arm1
223.7753448357376 -4.948295738604408 22.271396099839034 -2.795101372962507 -2.8788087439991785 -42.54465506192854 0.0 0.0 0.0 100.0 arm1
224.87137654858424 -3.8747631489989653 22.486448662394093 -2.780037470539507 -2.830505742833824 -46.53870476854621 0.0 0.0 0.0 100.0 arm1
227.092812916536 -1.919812637587271 22.78439676851794 -2.765581782455495 -2.74371292483998 -52.75639113760316 0.0 0.0 0.0 100.0 arm1
223.4836636571772 -5.254414707123963 22.244857884285786 -2.7959584148126364 -2.892420802044142 -42.1112014353994 0.0 0.0 0.0 100.0 arm1
228.6771920823361 -0.5925709397659992 22.970476942190064 -2.7589099410620714 -2.686083093028035 -57.71379455250121 0.0 0.0 0.0 100.0 arm1
223.49490697979854 -5.333794870789851 22.31011454260613 -2.7798013317514734 -2.8916778028745624 -41.61779868538551 0.0 0.0 0.0 100.0 arm1
219.87115364570107 -8.647231368446887 21.67159874422038 -2.845169197168831 -3.0197753336456516 -30.862724987525624 0.0 0.0 0.0 100.0 arm1
217.87495557689616 -11.029703089406066 21.11646639153252 -2.891967547622343 -3.1445556223188116 -22.350136466357284 0.0 0.0 0.0 100.0 arm1
218.37850605548502 -10.504769424304303 21.312698951029336 -2.861115993900445 -3.1100423463471656 -24.978367297440457 0.0 0.0 0.0 100.0 arm1
220.30779838580204 -8.465817579327974 21.73178353774114 -2.82286347243045 -3.0214551322718366 -31.314430704432553 0.0 0.0 0.0 100.0 arm1
217.099289846732 -11.90458163449757 21.137156321449066 -2.8718551734107636 -3.151778060275716 -19.248523197281386 0.0 0.0 0.0 100.0 arm1
209.20404668094275 -21.360828561476133 19.455912392136934 -3.0273247276640043 -3.461055851826057 15.317442909742923 0.0 0.0 0.0 100.0 arm1
212.58785698821586 -17.223524596060656 20.10900266327796 -2.968006144032116 -3.3564499967809427 -1.2575364617927818 0.0 0.0 0.0 100.0 arm1
223.43447611986335 -5.257678771969022 22.257057718514286 -2.7915264752320423 -2.88694280029194 -41.99080814562561 0.0 0.0 0.0 100.0 arm1
223.33163793562215 -5.534669428088215 22.37511000903493 -2.754269803645703 -2.899318082572189 -39.801347153551966 0.0 0.0 0.0 100.0 arm1
225.11845337207754 -3.769095883583383 22.46535577777966 -2.7832540235889995 -2.830633196344936 -46.216171201260345 0.0 0.0 0.0 100.0 arm1
222.10155369821484 -6.667621531026622 22.025094203024672 -2.8032100384254104 -2.948544791607877 -37.606736875268744 0.0 0.0 0.0 100.0 arm1
217.07867748068708 -11.99946902025267 21.11524917258798 -2.869944241024588 -3.157308195850737 -18.880383874800465 0.0 0.0 0.0 100.0 arm1
223.77769838801257 -4.942846266167971 22.31897646597203 -2.7871085659228814 -2.873360110405379 -42.93520593412554 0.0 0.0 0.0 100.0 arm1
216.6309585019112 -12.518823679954783 21.027222556205345 -2.8763692610245193 -3.179138537693439 -17.34353385498588 0.0 0.0 0.0 100.0 arm1
214.4945075486888 -15.020864255662332 20.581034741756117 -2.9178205668225625 -3.2682283934257974 -7.93948511071568 0.0 0.0 0.0 100.0 arm1
226.3869593540892 -2.562026978074876 22.657679352643118 -2.773692902812102 -2.7785131706598287 -51.347573123963215 0.0 0.0 0.0 100.0 arm1
225.98897435176917 -2.8869351864448287 22.644926360465522 -2.7704783194827516 -2.788386767690421 -50.05201176049145 0.0 0.0 0.0 100.0 arm1
228.3127300992877 -0.8684832376911525 22.965415209445503 -2.755300712021776 -2.693849454152685 -56.21023191912508 0.0 0.0 0.0 100.0 arm1
216.83231935203892 -12.154692371178623 21.06645975392405 -2.8820389695102704 -3.1632044105881154 -18.302953914324476 0.0 0.0 0.0 100.0 arm1
224.6596249238178 -4.150528907783563 22.474607955805816 -2.7746496784691126 -2.8399492514812152 -45.62941461909845 0.0 0.0 0.0 100.0 arm1
219.75849990065066 -9.334076253161774 21.573140898562762 -2.8314169265903693 -3.058996858432768 -27.620356070317442 0.0 0.0 0.0 100.0 arm1
225.22222660355152 -3.590286588711176 22.54842710875639 -2.7736047724722446 -2.814538316685896 -47.61464283773961 0.0 0.0 0.0 100.0 arm1
227.12978391779308 -1.8667976607679297 22.80583478598459 -2.7624879093293417 -2.739588139427191 -52.95201841857053 0.0 0.0 0.0 100.0 arm1
223.71008600118836 -5.025685768029367 22.330168868333132 -2.7859843265602153 -2.875590201322938 -42.864748541402186 0.0 0.0 0.0 100.0 arm1
226.3464585975052 -2.5534681276969735 22.724801561960753 -2.76302581076416 -2.771036302864297 -50.90350934689661 0.0 0.0 0.0 100.0 arm1
224.95679427918864 -3.7173922308225937 22.583965150501484 -2.7752049110002046 -2.8065754615126215 -46.70276075189087 0.0 0.0 0.0 100.0 arm1
225.1650425508241 -3.7858191226285705 22.512559634830467 -2.771345114229905 -2.8243924175353388 -46.92475456563546 0.0 0.0 0.0 100.0 arm1
220.72347924566267 -8.05618343981533 21.759659441705413 -2.8285442892632995 -3.011126061387452 -32.62825401950033 0.0 0.0 0.0 100.0 arm1
215.68962649683348 -13.505469008562418 20.848088652413068 -2.8952991943106543 -3.2114458619737367 -13.708330610644538 0.0 0.0 0.0 100.0 arm1
222.22931950003223 -6.565093233141311 21.976354039169102 -2.8154206754025877 -2.958228759316195 -37.991838045856234 0.0 0.0 0.0 100.0 arm1
213.3887361302624 -16.534902284218763 20.348407255358488 -2.927999839668167 -3.321745538739468 -3.1630119075571486 0.0 0.0 0.0 100.0 arm1
227.99267814287666 -1.1033874256587433 22.90265517976632 -2.7599848995891936 -2.705642064437785 -55.21293682172728 0.0 0.0 0.0 100.0 arm1
219.5874671840093 -9.243220639044067 21.557333953603916 -2.837217423370767 -3.0585394430417976 -29.11763818483371 0.0 0.0 0.0 100.0 arm1
227.01970301798926 -1.8330166357957183 22.86765101382847 -2.753681516560156 -2.740859045825828 -53.459044844048655 0.0 0.0 0.0 100.0 arm1
214.26259480305464 -15.395080855250141 20.522019967990865 -2.9177737109209825 -3.2858292962284175 -7.318550360742179 0.0 0.0 0.0 100.0 arm1
222.21152103431 -6.547354221514737 22.137163555005657 -2.785101961421031 -2.9392417495118637 -37.73702935904402 0.0 0.0 0.0 100.0 arm1
218.77284262606773 -10.184830661119431 21.35309683786523 -2.863094160708625 -3.1009001839550576 -25.38494728358063 0.0 0.0 0.0 100.0 arm1
219.09193295075437 -9.70301506152029 21.502260684975862 -2.844423665993353 -3.0710860103896036 -27.22448350569495 0.0 0.0 0.0 100.0 arm1
211.00946544310736 -19.547973015816197 19.793624174611445 -2.9889577331824184 -3.4257950077004176 7.780025444900829 0.0 0.0 0.0 100.0 arm1
218.65157312605038 -10.262083497445449 21.429801726997024 -2.84510086409969 -3.0909895793133915 -24.943563955876776 0.0 0.0 0.0 100.0 arm1
222.7743828950568 -5.55093638558868 22.192339167261547 -2.8239559951174247 -2.8799464429299713 -41.56699002522035 0.0 0.0 0.0 100.0 arm1
224.46482852436714 -4.113315962885513 22.47304076954463 -2.7927850927954623 -2.825408593560271 -46.789221839924814 0.0 0.0 0.0 100.0 arm1
223.87339542417732 -4.715074534937252 22.35669861042849 -2.7918377406066877 -2.8600682265801782 -43.93859678656635 0.0 0.0 0.0 100.0 arm1
220.2487857373512 -8.439495653387077 21.724993568768426 -2.83011557550896 -3.017643472956886 -31.220654514061472 0.0 0.0 0.0 100.0 arm1
226.15955586557666 -2.7545323568637543 22.65008141473873 -2.77350226762777 -2.782136162236428 -50.09481063812407 0.0 0.0 0.0 100.0 arm1
223.32806564228332 -5.445331041936588 22.245976693078642 -2.789529229558099 -2.899320258294615 -41.48671063144951 0.0 0.0 0.0 100.0 arm1
221.95414868726527 -6.452750579269673 22.048960651602012 -2.820096426992948 -2.9282499763276153 -38.56834422619116 0.0 0.0 0.0 100.0 arm1
